3 4 5 1
2 1
1 2
2 2
2 1
1 1
0 0
3 4 4 2
2 1
1 2
2 2
1 1
0 1
0 0
4 1 3 1
1 3
1 1
1 1
0 0
3 4 5 1
1 1
2 3
2 1
2 1
1 1
0 0
3 4 4 2
2 1
1 2
2 1
2 1
1 0
0 0
3 4 1 9
2 3
0 1
1 2
0 0
2 1
2 0
1 1
2 2
1 0
0 2
4 3 4 2
2 2
1 3
2 1
1 2
1 0
0 0
2 4 4 1
2 1
2 2
2 1
1 1
0 0
3 4 3 4
2 1
2 1
1 1
0 1
1 0
0 0
1 1
3 4 5 1
1 2
2 1
2 1
1 1
2 1
0 0
3 4 5 1
1 2
2 1
1 1
2 2
2 1
0 0
4 3 4 2
1 3
1 2
2 1
1 1
0 1
0 0
3 4 5 1
2 1
2 1
1 2
1 1
2 1
0 0
4 3 5 1
2 2
1 1
2 1
1 2
1 1
0 0
3 3 3 2
2 1
1 1
2 1
1 0
0 0
4 3 3 2
1 2
1 1
2 1
0 1
0 0
4 3 5 1
1 3
1 1
1 1
2 1
2 1
0 0
3 4 2 4
2 2
1 2
0 1
1 0
0 0
1 1
3 4 4 2
2 3
2 2
1 1
1 1
0 1
0 0
32 32 5 10
2 16
2 8
2 4
2 2
2 1
18 0
0 0
7 0
17 0
8 0
16 0
10 0
1 0
24 0
31 0
2 4 4 1
2 1
2 1
2 1
1 1
0 0
3 3 4 1
2 2
1 1
2 1
1 1
0 0
4 3 5 1
1 3
2 2
2 1
1 2
1 1
0 0
4 3 4 1
2 2
1 2
2 1
1 1
0 0
3 3 3 2
2 2
1 2
1 1
0 1
0 0
3 4 4 2
1 2
2 3
2 1
1 1
0 1
0 0
32 32 5 19
1 19
1 9
2 16
2 13
2 1
1 2
7 8
6 9
5 1
4 9
5 11
6 6
8 1
8 11
8 10
0 7
3 11
7 4
0 6
7 10
3 4
8 6
2 5
4 1
3 4 4 2
2 3
2 2
1 2
2 1
1 0
0 0
4 3 4 2
1 3
1 1
2 2
1 1
0 1
0 0
4 3 5 1
1 1
2 2
2 1
1 2
1 1
0 0
4 3 3 3
1 1
2 2
2 1
2 0
1 0
0 0
3 4 2 4
1 1
2 2
0 1
1 0
0 0
1 1
4 3 5 1
1 3
2 2
1 1
1 1
2 1
0 0
3 4 4 2
2 1
1 1
1 1
2 2
0 1
0 0
3 4 4 2
2 3
1 2
1 1
2 2
0 1
0 0
4 2 4 1
1 1
1 1
1 1
2 1
0 0
4 3 5 1
1 3
1 1
1 1
2 2
2 1
0 0
4 3 2 6
2 2
1 1
0 1
0 0
2 1
2 0
1 0
1 1
3 1 1 2
1 1
1 0
0 0
3 4 4 2
2 3
2 2
2 1
1 2
1 0
0 0
4 2 2 3
2 1
1 3
2 0
1 0
0 0
4 3 4 1
1 2
2 2
1 1
2 1
0 0
3 4 2 6
2 1
2 2
0 1
0 0
2 1
2 0
1 0
1 1
4 1 2 2
1 3
1 2
1 0
0 0
4 3 4 2
2 1
1 1
2 1
1 1
1 0
0 0
2 4 4 1
2 3
1 1
2 2
2 1
0 0
2 4 4 1
2 3
1 1
2 1
2 1
0 0
3 4 4 2
2 3
2 1
1 1
2 1
1 0
0 0
4 3 5 1
1 3
1 2
1 1
2 1
2 1
0 0
4 3 5 1
1 1
1 2
2 1
2 1
1 1
0 0
3 4 2 6
1 2
2 1
0 1
1 2
0 0
1 1
1 0
0 2
3 4 4 2
1 2
2 3
1 1
2 1
0 1
0 0
3 4 3 4
2 3
1 2
2 2
0 1
1 0
0 0
1 1
4 3 3 3
2 1
2 1
1 3
2 0
1 0
0 0
4 2 2 4
1 1
1 1
0 1
1 0
0 0
1 1
3 2 2 2
2 1
1 2
1 0
0 0
4 3 5 1
2 2
1 3
1 1
1 1
2 1
0 0
4 1 2 2
1 1
1 2
1 0
0 0
3 3 3 2
2 1
2 1
1 2
1 0
0 0
1 4 1 3
2 3
0 1
0 0
0 2
3 4 3 4
2 3
1 1
2 2
0 1
1 0
0 0
1 1
4 3 5 1
2 2
1 3
2 1
1 1
1 1
0 0
3 1 2 1
1 2
1 1
0 0
32 32 4 10
1 16
1 8
1 4
1 2
0 20
1 16
1 27
1 8
0 11
0 16
0 9
1 29
0 3
0 28
3 4 4 1
2 2
1 1
2 1
1 1
0 0
2 4 4 1
2 3
2 1
1 1
2 1
0 0
4 2 2 3
1 3
2 1
2 0
1 0
0 0
3 4 5 1
1 1
2 3
1 1
2 2
2 1
0 0
2 4 1 6
2 3
0 1
1 2
0 0
1 1
1 0
0 2
3 4 2 4
1 2
1 1
0 1
0 3
0 0
0 2
3 4 5 1
1 2
2 1
1 1
2 1
2 1
0 0
4 2 3 2
2 1
1 1
1 1
1 0
0 0
3 4 4 2
2 1
2 2
1 1
2 1
1 0
0 0
3 4 4 2
2 1
1 1
2 1
2 1
1 0
0 0
3 4 5 1
2 1
1 1
1 1
2 2
2 1
0 0
3 4 4 2
1 1
2 1
2 2
1 1
0 1
0 0
4 2 2 2
1 2
2 1
1 0
0 0
4 3 4 2
1 3
2 2
2 1
1 1
1 0
0 0
2 4 3 2
2 3
1 1
2 2
0 1
0 0
4 3 2 6
2 1
1 1
0 1
0 0
2 1
2 0
1 0
1 1
4 3 4 2
1 3
2 2
1 1
1 1
0 1
0 0
2 4 3 2
2 3
2 2
2 1
1 0
0 0
3 4 5 1
1 2
2 3
1 1
2 1
2 1
0 0
3 4 5 1
1 1
2 1
2 2
2 1
1 1
0 0
4 2 4 1
1 3
1 2
2 1
1 1
0 0
3 4 1 9
2 1
0 1
1 2
0 0
2 1
2 0
1 1
2 2
1 0
0 2
3 4 5 1
2 3
1 1
2 2
2 1
1 1
0 0
4 3 1 8
2 1
0 1
0 0
3 0
3 1
2 1
2 0
1 0
1 1
3 3 3 2
1 1
2 1
1 1
0 1
0 0
4 2 2 2
2 1
1 2
1 0
0 0
1 4 3 1
2 1
2 1
2 1
0 0
3 4 5 1
2 3
1 2
2 1
2 1
1 1
0 0
4 2 4 1
2 1
1 3
1 1
1 1
0 0
4 3 5 1
2 2
2 1
1 3
1 1
1 1
0 0
3 3 2 4
1 1
2 2
0 1
1 0
0 0
1 1
4 3 1 8
2 2
0 1
0 0
3 0
3 1
2 1
2 0
1 0
1 1
15 32 20 3
2 31
2 30
2 29
2 28
2 27
2 26
2 25
2 24
2 23
2 22
2 21
2 20
2 19
2 18
2 17
2 16
2 15
2 14
2 13
2 12
7 11
11 10
12 0
4 1 2 2
1 3
1 1
1 0
0 0
32 32 3 10
2 16
2 8
2 4
31 1
5 1
15 3
10 2
6 2
28 1
10 0
5 2
27 3
5 3
3 4 5 1
1 2
2 1
2 2
1 1
2 1
0 0
3 4 3 4
1 2
2 1
2 1
0 1
1 0
0 0
1 1
3 4 5 1
1 2
2 3
1 1
2 2
2 1
0 0
1 4 3 1
2 1
2 2
2 1
0 0
4 3 4 2
2 2
1 1
1 1
1 1
0 1
0 0
4 3 3 3
2 2
1 1
2 1
2 0
1 0
0 0
3 3 2 4
2 2
1 2
0 1
1 0
0 0
1 1
3 3 2 3
2 2
2 1
2 0
1 0
0 0
4 3 2 6
1 1
2 2
0 1
0 0
2 1
2 0
1 0
1 1
3 3 3 2
1 1
2 2
2 1
1 0
0 0
3 3 3 2
2 2
2 1
1 1
1 0
0 0
3 4 5 1
2 3
1 1
1 1
2 2
2 1
0 0
3 3 4 1
1 1
2 2
2 1
1 1
0 0
4 3 4 2
2 1
1 1
1 1
2 1
1 0
0 0
4 2 1 6
1 3
0 1
0 0
2 1
2 0
1 0
1 1
4 3 4 2
1 1
1 2
2 2
1 1
0 1
0 0
3 4 5 1
2 1
1 2
1 1
2 2
2 1
0 0
4 3 4 2
1 3
1 2
2 1
2 1
1 0
0 0
1 3 2 1
2 1
2 1
0 0
3 4 4 2
2 1
1 1
2 2
1 1
0 1
0 0
4 3 4 2
1 3
2 1
1 2
1 1
0 1
0 0
3 4 4 2
2 1
2 2
1 1
1 1
0 1
0 0
3 4 5 1
1 1
1 1
2 1
2 1
2 1
0 0
4 3 2 4
2 2
1 2
0 1
1 0
0 0
1 1
2 4 4 1
2 1
1 1
2 2
2 1
0 0
4 3 3 3
1 1
1 1
1 1
0 1
0 0
0 2
3 4 4 2
2 3
1 1
2 2
1 1
0 1
0 0
3 4 3 2
2 2
2 1
1 2
1 0
0 0
3 4 5 1
2 3
1 1
2 2
1 1
2 1
0 0
3 4 2 6
2 1
1 2
0 1
1 2
0 0
1 1
1 0
0 2
3 4 3 3
2 3
1 1
1 1
0 1
0 0
0 2
32 32 15 1
1 5
1 6
1 9
2 20
2 12
2 6
1 5
1 5
2 2
1 3
1 2
1 1
2 1
2 1
2 1
0 0
3 3 3 2
1 2
1 1
2 1
0 1
0 0
3 4 3 4
2 1
2 2
1 1
0 1
1 0
0 0
1 1
3 4 3 2
1 1
2 2
1 1
0 1
0 0
4 2 3 1
1 2
2 1
1 1
0 0
3 4 4 2
2 1
1 2
1 1
2 1
0 1
0 0
2 4 1 4
2 2
0 1
1 0
0 0
1 1
2 4 2 2
2 2
2 1
1 0
0 0
3 4 5 1
1 2
2 1
2 1
2 1
1 1
0 0
4 3 5 1
1 1
2 1
2 1
1 2
1 1
0 0
32 32 1 10
1 16
11 16
2 28
2 17
5 13
6 30
7 23
3 16
10 29
2 4
9 12
4 3 2 6
2 2
1 3
0 1
0 0
2 1
2 0
1 0
1 1
3 4 3 4
2 3
2 2
1 2
0 1
1 0
0 0
1 1
4 3 5 1
1 1
1 2
2 2
2 1
1 1
0 0
3 3 3 2
1 2
2 2
1 1
0 1
0 0
3 3 3 2
1 2
2 1
2 1
1 0
0 0
3 4 5 1
2 3
1 1
2 1
1 1
2 1
0 0
3 3 2 4
1 2
2 2
0 1
1 0
0 0
1 1
4 3 4 2
2 2
1 3
1 1
2 1
1 0
0 0
4 3 3 3
1 3
1 1
1 1
0 1
0 0
0 2
3 3 4 1
2 1
1 1
2 1
1 1
0 0
3 4 4 2
2 1
1 2
2 2
2 1
1 0
0 0
4 3 5 1
1 1
2 2
2 1
1 1
1 1
0 0
3 4 3 3
1 2
1 1
2 3
0 1
0 0
0 2
2 4 2 2
1 1
2 2
0 1
0 0
32 17 20 3
1 31
1 30
1 29
1 28
1 27
1 26
1 25
1 24
1 23
1 22
1 21
1 20
1 19
1 18
1 17
1 16
1 15
1 14
1 13
1 12
0 14
6 9
11 12
3 4 4 2
1 1
1 1
2 1
2 2
0 1
0 0
32 32 5 8
1 16
1 8
1 4
1 2
1 1
0 26
0 25
0 17
0 5
0 10
0 31
0 3
0 8
3 4 3 2
1 2
1 1
2 2
0 1
0 0
4 3 4 2
1 1
2 1
1 1
1 1
0 1
0 0
4 3 3 4
1 3
2 2
1 2
0 1
1 0
0 0
1 1
4 2 3 2
1 3
1 2
2 1
1 0
0 0
4 3 5 1
1 3
1 1
2 1
1 1
2 1
0 0
3 4 5 1
2 1
1 1
1 1
2 1
2 1
0 0
3 4 4 2
2 1
1 2
2 1
1 1
0 1
0 0
3 4 3 4
2 1
2 2
1 2
0 1
1 0
0 0
1 1
3 3 3 2
2 2
1 1
2 1
1 0
0 0
1 4 2 1
2 2
2 1
0 0
3 3 4 1
1 1
1 1
2 1
2 1
0 0
3 3 1 6
1 2
0 1
1 2
0 0
1 1
1 0
0 2
4 3 1 9
1 1
0 1
1 2
0 0
2 1
2 0
1 1
2 2
1 0
0 2
1 3 2 1
2 1
2 1
0 0
4 3 3 3
2 1
2 1
1 1
2 0
1 0
0 0
3 4 5 1
1 1
2 1
1 1
2 2
2 1
0 0
3 4 5 1
2 3
2 1
1 1
2 1
1 1
0 0
4 3 4 2
2 1
1 3
1 2
2 1
1 0
0 0
3 3 2 4
2 1
1 2
0 1
1 0
0 0
1 1
32 32 1 10
2 16
3 2
23 5
17 7
14 7
0 5
14 15
26 10
20 15
30 7
20 14
4 3 3 4
2 2
1 1
1 2
0 1
1 0
0 0
1 1
2 3 1 4
2 2
0 1
1 0
0 0
1 1
1 3 2 1
2 2
2 1
0 0
4 3 5 1
2 1
1 1
1 1
2 1
1 1
0 0
2 3 3 1
2 1
1 1
2 1
0 0
2 4 2 3
2 1
1 1
0 1
0 0
0 2
4 3 4 1
2 1
1 2
1 1
2 1
0 0
4 3 3 2
1 2
2 2
1 1
0 1
0 0
4 2 3 2
1 1
1 2
1 1
0 1
0 0
4 3 4 2
1 1
1 1
2 1
1 1
0 1
0 0
4 2 3 2
1 1
1 2
2 1
1 0
0 0
4 3 3 4
1 3
2 1
1 2
0 1
1 0
0 0
1 1
3 4 5 1
1 2
2 3
2 2
2 1
1 1
0 0
3 4 2 6
1 1
2 3
0 1
1 2
0 0
1 1
1 0
0 2
2 4 3 2
1 1
2 3
2 2
0 1
0 0
3 3 2 3
2 1
2 1
2 0
1 0
0 0
3 4 4 2
2 1
2 1
1 2
1 1
0 1
0 0
3 3 1 6
1 1
0 1
1 2
0 0
1 1
1 0
0 2
4 3 5 1
1 3
1 2
2 2
2 1
1 1
0 0
3 4 5 1
2 3
2 2
2 1
1 2
1 1
0 0
3 4 5 1
2 1
2 1
2 1
1 1
1 1
0 0
3 4 5 1
1 2
1 1
2 1
2 2
2 1
0 0
3 4 3 2
1 2
2 2
2 1
1 0
0 0
3 4 4 1
2 2
2 1
1 1
1 1
0 0
3 4 5 1
2 3
1 2
1 1
2 1
2 1
0 0
3 4 5 1
2 1
2 1
2 1
1 2
1 1
0 0
2 4 3 2
2 1
2 1
2 1
1 0
0 0
3 4 3 4
1 2
2 3
2 2
0 1
1 0
0 0
1 1
3 3 4 1
1 2
1 1
2 1
2 1
0 0
2 3 2 2
2 1
1 1
0 1
0 0
4 3 4 2
2 2
2 1
1 3
1 1
1 0
0 0
4 3 4 2
1 1
2 2
2 1
1 2
1 0
0 0
3 4 4 2
2 3
1 2
2 1
1 1
0 1
0 0
2 4 2 3
1 1
2 3
0 1
0 0
0 2
4 3 5 1
2 2
1 3
1 2
2 1
1 1
0 0
3 4 3 2
1 1
2 2
2 1
1 0
0 0
3 2 3 1
1 1
2 1
1 1
0 0
4 1 2 1
1 2
1 1
0 0
4 2 4 1
2 1
1 1
1 1
1 1
0 0
3 4 3 4
2 3
1 1
2 1
0 1
1 0
0 0
1 1
4 2 4 1
1 1
1 1
2 1
1 1
0 0
3 4 3 3
1 2
2 1
1 1
0 1
0 0
0 2
3 3 2 3
1 1
1 1
0 1
0 0
0 2
3 2 2 2
1 1
1 1
0 1
0 0
2 4 4 1
2 1
2 2
1 1
2 1
0 0
4 3 3 3
1 1
1 2
1 1
0 1
0 0
0 2
3 3 2 4
2 1
1 1
0 1
1 0
0 0
1 1
4 3 4 2
1 3
1 1
2 2
2 1
1 0
0 0
4 3 4 2
2 2
1 3
2 1
1 1
1 0
0 0
3 4 5 1
2 1
1 1
2 2
1 1
2 1
0 0
4 3 5 1
1 3
2 2
1 1
2 1
1 1
0 0
4 3 5 1
2 1
1 3
1 2
1 1
2 1
0 0
32 32 2 10
1 16
1 8
3 24
1 21
6 4
0 15
5 11
5 19
3 21
1 5
4 2
3 14
4 3 4 2
1 1
1 1
2 1
2 1
1 0
0 0
4 3 4 2
1 1
2 2
1 1
1 1
0 1
0 0
4 3 5 1
2 2
2 1
1 1
1 1
1 1
0 0
3 2 2 2
1 2
2 1
1 0
0 0
10 8 3 2
2 2
1 3
1 1
0 1
4 4
4 3 4 2
1 3
1 1
1 1
2 1
0 1
0 0
4 3 4 1
1 2
1 1
2 1
2 1
0 0
3 4 3 2
2 2
2 1
1 1
1 0
0 0
4 3 4 2
1 1
1 2
1 1
2 1
0 1
0 0
3 4 3 3
2 3
2 1
2 1
2 0
1 0
0 0
3 4 5 1
2 3
1 2
1 1
2 2
2 1
0 0
3 3 4 1
2 1
2 1
1 2
1 1
0 0
3 4 2 3
2 2
2 1
2 0
1 0
0 0
3 4 5 1
2 1
1 1
2 1
2 1
1 1
0 0
4 3 5 1
1 3
2 1
1 2
1 1
2 1
0 0
3 4 3 4
2 1
1 2
2 1
0 1
1 0
0 0
1 1
2 4 3 2
2 1
2 1
1 1
0 1
0 0
3 4 4 2
2 3
2 1
1 1
1 1
0 1
0 0
3 2 3 1
2 1
1 2
1 1
0 0
4 3 3 4
2 1
1 1
1 1
0 1
1 0
0 0
1 1
1 4 1 2
2 2
0 1
0 0
3 4 4 1
2 2
2 1
1 2
1 1
0 0
32 32 12 16
1 17
2 12
2 1
2 2
2 13
1 6
1 1
1 9
1 7
2 10
2 8
1 4
2 7
1 2
0 1
0 0
2 6
3 0
2 2
2 1
2 0
1 5
2 3
0 4
3 7
0 3
2 4
3 5
4 3 2 3
1 2
1 1
0 1
0 0
0 2
4 3 4 1
1 2
1 1
2 2
2 1
0 0
3 4 4 2
2 3
1 2
2 2
1 1
0 1
0 0
3 3 3 2
1 2
2 1
1 1
0 1
0 0
2 4 4 1
2 3
2 1
2 1
1 1
0 0
4 3 5 1
1 1
1 2
1 1
2 2
2 1
0 0
4 3 4 2
1 3
2 1
1 1
1 1
0 1
0 0
3 4 4 2
2 1
2 1
1 2
2 1
1 0
0 0
2 4 3 1
2 2
2 1
1 1
0 0
3 4 4 2
2 1
2 2
1 2
2 1
1 0
0 0
3 4 4 2
2 3
1 1
2 1
2 1
1 0
0 0
4 3 5 1
1 3
1 2
2 1
2 1
1 1
0 0
4 3 5 1
1 3
2 1
1 1
1 1
2 1
0 0
4 3 5 1
2 1
1 1
2 1
1 1
1 1
0 0
4 2 4 1
1 3
2 1
1 2
1 1
0 0
3 3 3 2
2 1
1 2
2 1
1 0
0 0
3 3 4 1
2 2
1 2
1 1
2 1
0 0
4 2 4 1
1 3
1 1
1 1
2 1
0 0
4 2 2 2
1 2
1 1
0 1
0 0
4 3 3 4
1 3
2 2
1 1
0 1
1 0
0 0
1 1
3 3 3 2
1 2
2 1
1 1
0 1
0 0
3 4 5 1
2 3
1 1
2 1
2 1
1 1
0 0
4 3 4 2
1 3
2 1
1 1
2 1
1 0
0 0
4 3 5 1
2 1
1 3
2 1
1 1
1 1
0 0
3 4 3 2
2 2
1 1
2 1
1 0
0 0
4 2 3 2
1 3
1 2
1 1
0 1
0 0
4 2 3 2
1 1
2 1
1 1
1 0
0 0
4 1 2 2
1 1
1 1
1 0
0 0
4 3 3 4
2 2
1 3
1 2
0 1
1 0
0 0
1 1
3 4 5 1
1 2
1 1
2 3
2 1
2 1
0 0
2 3 3 1
2 1
2 1
1 1
0 0
3 4 4 2
2 3
2 1
1 2
1 1
0 1
0 0
3 4 4 2
1 2
2 1
1 1
2 1
0 1
0 0
4 3 3 4
1 3
1 1
2 1
0 1
1 0
0 0
1 1
4 3 5 1
1 3
2 2
2 1
1 1
1 1
0 0
3 4 5 1
1 1
2 1
2 1
2 1
1 1
0 0
3 2 3 1
1 2
1 1
2 1
0 0
32 32 4 10
2 16
2 8
2 4
2 2
9 0
0 0
7 1
26 0
15 1
16 0
11 1
28 0
1 0
18 1
3 3 3 2
1 1
1 1
2 2
0 1
0 0
3 4 4 1
2 2
1 1
1 1
2 1
0 0
4 3 4 2
2 2
1 1
2 1
1 1
1 0
0 0
3 2 1 3
2 1
2 0
1 0
0 0
3 4 4 2
1 1
2 3
2 1
2 1
1 0
0 0
3 4 2 6
2 3
1 1
0 1
1 2
0 0
1 1
1 0
0 2
4 3 5 1
1 3
2 1
2 1
1 1
1 1
0 0
4 1 1 3
1 1
2 0
1 0
0 0
4 3 3 4
1 1
1 1
2 1
0 1
1 0
0 0
1 1
3 4 4 2
1 2
1 1
2 1
2 2
0 1
0 0
4 3 3 3
2 2
2 1
1 3
2 0
1 0
0 0
3 3 1 6
2 1
0 1
0 0
2 1
2 0
1 0
1 1
3 3 3 2
2 1
1 1
1 1
0 1
0 0
3 4 4 2
1 2
1 1
2 3
2 2
0 1
0 0
3 4 2 6
2 3
2 2
0 1
0 0
2 1
2 0
1 0
1 1
3 4 4 2
2 3
2 2
1 1
2 1
1 0
0 0
1 4 2 2
2 3
2 2
0 1
0 0
4 3 4 2
1 1
1 2
1 1
2 2
0 1
0 0
3 4 4 1
1 2
2 2
2 1
1 1
0 0
2 4 4 1
2 1
2 1
1 1
2 1
0 0
3 3 1 6
2 2
0 1
0 0
2 1
2 0
1 0
1 1
4 3 1 6
1 2
0 1
1 2
0 0
1 1
1 0
0 2
4 3 3 4
1 3
1 2
2 1
0 1
1 0
0 0
1 1
3 4 5 1
1 1
2 1
2 1
1 1
2 1
0 0
3 4 4 2
2 3
1 2
2 1
2 1
1 0
0 0
2 3 3 1
1 1
2 2
2 1
0 0
4 1 3 1
1 1
1 2
1 1
0 0
4 2 4 1
1 1
2 1
1 2
1 1
0 0
2 4 2 4
2 1
2 1
0 1
1 0
0 0
1 1
4 3 2 6
1 3
1 1
0 1
1 2
0 0
1 1
1 0
0 2
3 4 4 1
1 1
2 2
1 1
2 1
0 0
4 3 2 6
2 1
1 3
0 1
0 0
2 1
2 0
1 0
1 1
2 3 1 3
1 1
0 1
0 0
0 2
4 3 4 2
1 1
2 2
2 1
1 1
1 0
0 0
3 4 3 3
1 1
1 1
2 1
0 1
0 0
0 2
3 2 1 4
1 2
0 1
1 0
0 0
1 1
2 4 3 1
1 1
2 2
2 1
0 0
3 4 5 1
1 2
2 1
2 2
2 1
1 1
0 0
3 4 4 2
2 3
1 2
1 1
2 1
0 1
0 0
4 3 4 2
1 3
1 2
2 2
1 1
0 1
0 0
3 4 5 1
1 2
2 3
2 1
1 1
2 1
0 0
4 3 5 1
1 1
2 1
1 1
2 1
1 1
0 0
4 3 3 3
1 1
2 1
2 1
2 0
1 0
0 0
2 4 4 1
2 1
1 1
2 1
2 1
0 0
3 4 4 2
1 2
2 3
2 1
2 1
1 0
0 0
4 2 3 2
1 1
1 1
2 1
1 0
0 0
4 3 5 1
2 1
2 1
1 3
1 1
1 1
0 0
3 4 4 2
2 3
2 1
1 2
2 1
1 0
0 0
4 3 4 2
1 3
2 2
1 2
2 1
1 0
0 0
3 3 4 1
1 1
2 2
1 1
2 1
0 0
3 4 3 4
1 2
2 1
2 2
0 1
1 0
0 0
1 1
3 4 5 1
2 3
2 1
2 1
1 2
1 1
0 0
4 3 4 2
1 1
1 1
1 1
2 1
0 1
0 0
3 4 2 6
1 1
2 1
0 1
1 2
0 0
1 1
1 0
0 2
3 4 5 1
2 1
2 1
1 1
1 1
2 1
0 0
4 3 2 6
1 3
2 2
0 1
0 0
2 1
2 0
1 0
1 1
4 1 1 2
1 2
1 0
0 0
4 2 2 3
1 1
2 1
2 0
1 0
0 0
3 4 5 1
2 3
2 2
1 1
1 1
2 1
0 0
4 3 3 3
1 3
2 2
2 1
2 0
1 0
0 0
3 4 5 1
2 1
1 1
2 1
1 1
2 1
0 0
2 2 2 1
2 1
1 1
0 0
4 3 5 1
1 3
2 1
2 1
1 2
1 1
0 0
4 3 3 4
1 1
1 2
2 2
0 1
1 0
0 0
1 1
3 4 4 2
2 3
1 1
2 2
2 1
1 0
0 0
2 4 1 4
1 1
0 1
0 3
0 0
0 2
4 1 3 1
1 3
1 2
1 1
0 0
3 4 2 6
2 3
1 2
0 1
1 2
0 0
1 1
1 0
0 2
3 4 3 2
2 2
1 2
2 1
1 0
0 0
3 4 3 3
2 1
2 2
2 1
2 0
1 0
0 0
3 3 3 2
2 1
1 2
1 1
0 1
0 0
3 4 3 2
2 2
1 2
1 1
0 1
0 0
4 3 3 3
2 1
1 1
2 1
2 0
1 0
0 0
3 4 4 2
2 3
1 1
1 1
2 2
0 1
0 0
3 3 4 1
2 1
1 2
1 1
2 1
0 0
4 2 4 1
1 1
1 2
2 1
1 1
0 0
3 3 4 1
2 2
1 2
2 1
1 1
0 0
4 3 5 1
1 3
1 2
2 2
1 1
2 1
0 0
4 3 3 4
1 1
2 1
1 2
0 1
1 0
0 0
1 1
3 4 4 2
1 1
1 1
2 3
2 1
0 1
0 0
1 3 1 2
2 2
0 1
0 0
4 2 3 2
2 1
1 1
1 2
1 0
0 0
3 4 5 1
2 3
2 1
1 1
1 1
2 1
0 0
4 3 3 4
2 1
1 1
1 2
0 1
1 0
0 0
1 1
3 3 3 2
2 2
1 1
1 1
0 1
0 0
4 3 2 4
2 2
2 1
3 0
2 0
1 0
0 0
4 3 3 4
2 1
1 3
1 1
0 1
1 0
0 0
1 1
3 3 4 1
1 2
2 2
2 1
1 1
0 0
4 3 5 1
1 3
1 1
2 2
2 1
1 1
0 0
4 2 1 4
1 2
0 1
1 0
0 0
1 1
3 4 4 2
1 1
2 3
1 1
2 2
0 1
0 0
3 4 4 2
2 1
2 2
2 1
1 2
1 0
0 0
3 3 4 1
1 2
2 1
1 1
2 1
0 0
4 3 5 1
2 1
1 1
1 2
1 1
2 1
0 0
2 3 2 2
2 1
2 1
1 0
0 0
4 3 3 2
2 1
1 2
2 1
1 0
0 0
4 3 4 2
1 3
2 2
2 1
1 2
1 0
0 0
4 3 4 2
1 3
2 1
2 1
1 2
1 0
0 0
3 4 3 2
1 1
1 1
2 2
0 1
0 0
4 2 4 1
2 1
1 1
1 2
1 1
0 0
32 32 11 16
1 9
1 9
1 10
2 27
1 1
1 8
2 18
2 8
2 7
2 2
2 1
0 1
3 2
0 0
1 3
3 3
7 1
2 2
6 1
2 0
6 2
5 0
4 3
1 0
4 1
0 2
4 0
3 4 5 1
2 1
1 2
2 1
2 1
1 1
0 0
3 4 3 3
1 2
1 1
2 1
0 1
0 0
0 2
4 2 3 1
2 1
1 2
1 1
0 0
4 3 2 6
1 1
2 1
0 1
0 0
2 1
2 0
1 0
1 1
4 3 4 2
1 3
1 2
1 1
2 2
0 1
0 0
4 3 2 6
1 3
1 2
0 1
1 2
0 0
1 1
1 0
0 2
3 3 4 1
1 2
1 1
2 2
2 1
0 0
4 3 3 2
2 2
2 1
1 2
1 0
0 0
4 3 4 2
2 1
1 3
1 1
2 1
1 0
0 0
4 3 3 4
1 3
2 1
1 1
0 1
1 0
0 0
1 1
3 4 5 1
1 1
1 1
2 1
2 2
2 1
0 0
4 3 5 1
2 2
1 1
1 2
2 1
1 1
0 0
4 3 5 1
2 1
1 1
1 2
2 1
1 1
0 0
4 3 4 2
1 3
1 2
2 2
2 1
1 0
0 0
4 2 2 3
2 1
1 1
2 0
1 0
0 0
3 4 3 4
2 3
2 1
1 1
0 1
1 0
0 0
1 1
3 4 4 2
2 1
2 2
2 1
1 1
1 0
0 0
4 3 5 1
1 1
1 2
1 1
2 1
2 1
0 0
2 4 2 4
2 1
2 2
0 1
1 0
0 0
1 1
4 3 5 1
1 1
1 2
2 2
1 1
2 1
0 0
3 4 4 2
2 3
2 2
1 2
1 1
0 1
0 0
4 3 3 2
2 1
1 2
1 1
0 1
0 0
4 3 4 1
2 1
1 2
2 1
1 1
0 0
4 3 4 1
1 2
2 2
2 1
1 1
0 0
4 3 5 1
2 1
1 1
2 1
1 2
1 1
0 0
4 3 5 1
1 3
1 1
2 1
2 1
1 1
0 0
3 2 3 1
1 1
1 1
2 1
0 0
4 3 4 2
2 1
2 1
1 1
1 2
1 0
0 0
3 4 4 2
1 2
2 3
2 2
2 1
1 0
0 0
3 3 3 2
1 2
1 1
2 2
0 1
0 0
4 3 2 4
1 2
2 1
0 1
1 0
0 0
1 1
2 4 2 4
2 3
2 2
0 1
1 0
0 0
1 1
4 3 3 4
2 1
1 3
1 2
0 1
1 0
0 0
1 1
3 4 5 1
1 2
2 3
2 2
1 1
2 1
0 0
2 4 3 2
1 1
2 1
2 1
0 1
0 0
3 4 5 1
2 1
2 2
2 1
1 2
1 1
0 0
4 3 3 4
1 1
1 2
2 1
0 1
1 0
0 0
1 1
4 3 4 2
1 1
1 1
2 2
1 1
0 1
0 0
4 2 1 6
1 1
0 1
0 0
2 1
2 0
1 0
1 1
2 4 3 1
2 2
1 1
2 1
0 0
3 4 5 1
2 3
1 2
2 2
2 1
1 1
0 0
4 3 4 2
1 3
1 1
1 1
2 2
0 1
0 0
4 3 3 2
1 2
2 1
2 1
1 0
0 0
3 4 5 1
2 3
1 2
2 2
1 1
2 1
0 0
2 3 2 2
1 1
2 1
0 1
0 0
4 3 5 1
1 1
1 2
2 1
1 1
2 1
0 0
1 4 3 1
2 3
2 1
2 1
0 0
3 3 4 1
1 2
2 1
2 1
1 1
0 0
4 3 3 4
1 1
2 2
1 1
0 1
1 0
0 0
1 1
4 3 4 2
1 1
2 1
2 1
1 2
1 0
0 0
4 3 3 3
2 1
1 3
2 1
2 0
1 0
0 0
4 3 1 9
1 3
0 1
1 2
0 0
2 1
2 0
1 1
2 2
1 0
0 2
4 3 5 1
1 1
1 1
2 2
1 1
2 1
0 0
3 3 3 2
2 2
1 2
2 1
1 0
0 0
4 3 4 2
2 2
1 3
1 2
2 1
1 0
0 0
4 3 5 1
2 2
1 1
1 1
1 1
2 1
0 0
1 4 2 2
2 3
2 1
0 1
0 0
3 4 3 4
2 3
2 1
1 2
0 1
1 0
0 0
1 1
4 3 4 2
1 1
2 1
1 2
2 1
1 0
0 0
3 4 5 1
1 1
2 3
1 1
2 1
2 1
0 0
3 4 5 1
2 3
2 2
2 1
1 1
1 1
0 0
4 3 5 1
2 1
1 1
1 1
1 1
2 1
0 0
2 4 3 2
2 3
2 1
2 1
1 0
0 0
3 4 4 2
2 1
2 1
2 1
1 1
1 0
0 0
3 4 3 4
2 3
2 2
1 1
0 1
1 0
0 0
1 1
1 4 3 1
2 3
2 2
2 1
0 0
3 4 4 2
1 1
1 1
2 1
2 1
0 1
0 0
2 4 3 2
2 3
2 1
1 1
0 1
0 0
4 3 5 1
1 3
2 1
1 2
2 1
1 1
0 0
3 3 4 1
1 1
2 1
2 1
1 1
0 0
4 3 4 2
2 1
2 1
1 3
1 1
1 0
0 0
3 4 2 6
2 3
2 1
0 1
0 0
2 1
2 0
1 0
1 1
3 4 4 2
1 2
2 3
2 2
1 1
0 1
0 0
3 4 3 3
2 1
1 1
1 1
0 1
0 0
0 2
3 4 4 2
1 2
2 1
1 1
2 2
0 1
0 0
4 3 5 1
2 2
1 3
2 1
1 2
1 1
0 0
4 2 4 1
1 3
1 2
1 1
2 1
0 0
4 3 4 2
1 1
1 2
2 2
2 1
1 0
0 0
4 3 3 3
1 3
1 2
1 1
0 1
0 0
0 2
2 3 1 4
2 1
0 1
1 0
0 0
1 1
2 2 1 2
2 1
1 0
0 0
4 3 5 1
2 1
1 3
1 2
2 1
1 1
0 0
3 4 3 3
2 3
1 2
1 1
0 1
0 0
0 2
4 2 2 4
1 3
1 2
0 1
1 0
0 0
1 1
3 2 3 1
1 2
2 1
1 1
0 0
4 3 2 4
1 2
2 2
0 1
1 0
0 0
1 1
2 3 2 2
2 2
1 1
0 1
0 0
2 4 4 1
1 1
2 1
2 1
2 1
0 0
2 4 2 4
2 3
2 1
0 1
1 0
0 0
1 1
3 1 1 2
1 2
1 0
0 0
3 3 3 2
1 2
2 2
2 1
1 0
0 0
2 3 3 1
2 2
2 1
1 1
0 0
3 4 5 1
2 3
2 2
1 2
1 1
2 1
0 0
4 3 4 2
1 1
2 1
1 2
1 1
0 1
0 0
4 3 4 2
1 1
2 2
1 2
1 1
0 1
0 0
3 4 5 1
2 3
1 1
1 1
2 1
2 1
0 0
3 3 3 2
1 1
2 1
2 1
1 0
0 0
3 4 5 1
1 1
2 3
2 1
1 1
2 1
0 0
4 3 4 1
1 2
2 1
2 1
1 1
0 0
3 4 4 2
2 1
2 1
2 1
1 2
1 0
0 0
4 3 4 2
2 2
1 3
1 2
1 1
0 1
0 0
3 4 3 4
1 1
2 1
2 2
0 1
1 0
0 0
1 1
4 3 3 3
1 3
2 1
2 1
2 0
1 0
0 0
4 2 3 2
1 3
1 1
1 1
0 1
0 0
4 3 4 2
2 1
1 1
1 1
1 1
0 1
0 0
4 3 4 2
1 1
1 2
2 1
2 1
1 0
0 0
4 3 4 2
2 2
1 1
1 2
2 1
1 0
0 0
4 3 4 2
1 1
2 2
1 2
2 1
1 0
0 0
4 3 3 4
1 1
2 2
1 2
0 1
1 0
0 0
1 1
3 4 2 4
1 2
2 2
0 1
1 0
0 0
1 1
4 2 3 2
2 1
1 3
1 1
1 0
0 0
4 3 3 3
2 2
2 1
1 1
2 0
1 0
0 0
4 3 5 1
1 1
1 1
2 1
1 1
2 1
0 0
3 4 4 2
1 2
2 1
2 1
2 1
1 0
0 0
3 4 4 2
2 1
1 1
2 2
2 1
1 0
0 0
3 4 4 2
1 1
2 1
2 1
2 1
1 0
0 0
4 3 5 1
1 1
2 1
1 2
1 1
2 1
0 0
3 4 4 2
2 3
2 1
2 1
1 2
1 0
0 0
4 2 2 4
1 3
1 1
0 1
1 0
0 0
1 1
3 4 5 1
1 1
1 1
2 3
2 1
2 1
0 0
3 4 2 6
1 2
2 3
0 1
1 2
0 0
1 1
1 0
0 2
2 4 3 2
2 3
1 1
2 1
0 1
0 0
3 4 4 1
1 2
1 1
2 2
2 1
0 0
3 4 3 3
2 1
2 1
2 1
2 0
1 0
0 0
3 4 4 2
1 2
2 1
2 1
1 1
0 1
0 0
3 4 4 2
1 1
2 3
1 1
2 1
0 1
0 0
4 3 4 2
2 1
1 3
1 2
1 1
0 1
0 0
3 4 5 1
2 1
1 2
2 2
1 1
2 1
0 0
4 2 3 2
1 1
1 1
1 1
0 1
0 0
3 4 2 6
2 1
2 1
0 1
0 0
2 1
2 0
1 0
1 1
3 4 4 2
1 1
2 1
2 1
1 1
0 1
0 0
4 3 5 1
1 3
1 1
2 2
1 1
2 1
0 0
4 3 3 4
1 3
1 1
2 2
0 1
1 0
0 0
1 1
2 3 2 2
1 1
2 2
0 1
0 0
4 3 4 2
2 2
1 1
1 2
1 1
0 1
0 0
3 1 2 1
1 1
1 1
0 0
4 3 4 1
2 2
2 1
1 2
1 1
0 0
4 3 4 2
1 3
2 1
2 1
1 1
1 0
0 0
3 4 4 1
1 1
2 2
2 1
1 1
0 0
2 4 1 6
2 1
0 1
1 2
0 0
1 1
1 0
0 2
3 3 3 2
1 1
1 1
2 1
0 1
0 0
2 4 3 2
2 3
2 2
1 1
0 1
0 0
2 3 3 1
2 2
1 1
2 1
0 0
1 4 2 2
2 1
2 2
0 1
0 0
4 3 5 1
1 1
2 2
1 1
1 1
2 1
0 0
4 3 5 1
2 2
1 3
1 1
2 1
1 1
0 0
2 4 4 1
2 3
2 2
2 1
1 1
0 0
3 3 3 2
1 1
2 2
1 1
0 1
0 0
3 4 4 1
1 2
2 2
1 1
2 1
0 0
3 4 5 1
2 3
2 2
1 1
2 1
1 1
0 0
2 4 3 2
1 1
2 1
2 2
0 1
0 0
3 3 3 2
2 1
2 1
1 1
1 0
0 0
3 4 5 1
2 3
2 1
2 1
1 1
1 1
0 0
4 3 5 1
1 1
2 2
1 1
2 1
1 1
0 0
4 3 4 2
2 2
2 1
1 3
1 2
1 0
0 0
4 3 5 1
1 1
2 2
1 2
2 1
1 1
0 0
3 3 4 1
2 2
1 1
1 1
2 1
0 0
4 3 4 2
1 3
2 1
1 2
2 1
1 0
0 0
3 4 3 3
1 2
2 3
1 1
0 1
0 0
0 2
3 4 4 2
2 3
1 1
1 1
2 1
0 1
0 0
3 4 5 1
2 3
2 1
1 2
2 1
1 1
0 0
3 4 4 2
2 1
1 1
2 1
1 1
0 1
0 0
4 3 2 6
1 3
2 1
0 1
0 0
2 1
2 0
1 0
1 1
1 3 1 2
2 1
0 1
0 0
1 4 2 2
2 1
2 1
0 1
0 0
2 4 2 3
2 3
1 1
0 1
0 0
0 2
2 4 4 1
2 3
2 2
1 1
2 1
0 0
3 4 3 4
1 1
2 1
2 1
0 1
1 0
0 0
1 1
3 3 2 3
1 2
1 1
0 1
0 0
0 2
4 3 3 4
1 3
1 2
2 2
0 1
1 0
0 0
1 1
3 4 4 2
2 1
2 1
1 1
2 1
1 0
0 0
4 3 4 2
2 2
2 1
1 1
1 2
1 0
0 0
4 2 3 2
2 1
1 3
1 2
1 0
0 0
3 4 3 3
1 1
2 1
1 1
0 1
0 0
0 2
4 3 5 1
2 1
1 3
1 1
2 1
1 1
0 0
4 3 4 2
1 3
1 2
1 1
2 1
0 1
0 0
4 3 5 1
1 1
2 2
1 2
1 1
2 1
0 0
3 4 4 2
2 3
1 2
2 2
2 1
1 0
0 0
3 4 3 4
2 1
1 1
2 2
0 1
1 0
0 0
1 1
4 3 4 2
2 1
1 1
1 2
1 1
0 1
0 0
4 3 4 2
2 1
2 1
1 3
1 2
1 0
0 0
32 32 10 1
1 16
1 8
1 4
2 16
1 2
2 8
2 4
2 2
1 1
2 1
0 0
4 3 5 1
2 1
2 1
1 3
1 2
1 1
0 0
4 3 4 1
1 2
2 1
1 1
2 1
0 0
3 4 3 4
2 1
1 2
2 2
0 1
1 0
0 0
1 1
4 3 4 2
2 1
1 3
2 1
1 1
1 0
0 0
4 3 4 2
2 2
2 1
1 1
1 1
1 0
0 0
3 2 2 2
1 2
1 1
0 1
0 0
4 3 5 1
2 2
2 1
1 1
1 2
1 1
0 0
3 3 2 4
2 2
1 1
0 1
1 0
0 0
1 1
3 4 4 2
1 1
2 1
1 1
2 2
0 1
0 0
3 4 5 1
1 2
2 3
2 1
2 1
1 1
0 0
4 2 3 2
1 3
2 1
1 2
1 0
0 0
4 3 3 2
2 2
1 2
2 1
1 0
0 0
4 3 2 4
2 1
2 1
3 0
2 0
1 0
0 0
2 3 3 1
1 1
2 1
2 1
0 0
3 4 3 4
2 3
1 2
2 1
0 1
1 0
0 0
1 1
2 2 2 1
1 1
2 1
0 0
2 4 3 2
1 1
2 3
2 1
0 1
0 0
4 3 5 1
1 1
1 1
1 1
2 2
2 1
0 0
3 4 2 4
2 2
1 1
0 1
1 0
0 0
1 1
3 2 2 2
2 1
1 1
1 0
0 0
4 3 5 1
2 2
1 1
2 1
1 1
1 1
0 0
3 4 4 2
2 1
2 2
1 2
1 1
0 1
0 0
4 3 5 1
2 2
1 3
1 2
1 1
2 1
0 0
3 4 3 2
2 2
1 1
1 1
0 1
0 0
3 2 3 1
2 1
1 1
1 1
0 0
4 3 5 1
2 2
2 1
1 3
1 2
1 1
0 0
4 3 5 1
2 1
2 1
1 1
1 1
1 1
0 0
3 4 3 3
1 1
2 3
1 1
0 1
0 0
0 2
3 3 2 4
1 1
2 1
0 1
1 0
0 0
1 1
3 4 3 4
2 1
2 1
1 2
0 1
1 0
0 0
1 1
3 4 5 1
2 1
2 2
1 2
2 1
1 1
0 0
3 4 4 2
2 1
1 2
1 1
2 2
0 1
0 0
3 4 5 1
1 1
2 1
2 2
1 1
2 1
0 0
4 2 3 2
1 3
1 1
2 1
1 0
0 0
4 3 4 2
1 1
2 1
1 1
2 1
1 0
0 0
3 3 3 2
2 2
2 1
1 2
1 0
0 0
3 3 4 1
2 2
2 1
1 1
1 1
0 0
4 3 3 3
2 2
1 3
2 1
2 0
1 0
0 0
4 2 4 1
1 3
1 1
2 1
1 1
0 0
3 4 4 2
1 1
1 1
2 3
2 2
0 1
0 0
3 3 4 1
1 2
2 2
1 1
2 1
0 0
4 3 4 2
1 1
1 1
1 1
2 2
0 1
0 0
4 2 3 1
1 2
1 1
2 1
0 0
4 3 5 1
2 1
1 3
1 1
1 1
2 1
0 0
3 3 4 1
2 1
1 1
1 1
2 1
0 0
2 4 4 1
1 1
2 3
2 2
2 1
0 0
3 4 2 6
2 1
1 1
0 1
1 2
0 0
1 1
1 0
0 2
4 3 5 1
2 2
1 1
1 1
2 1
1 1
0 0
3 4 4 2
1 2
2 3
1 1
2 2
0 1
0 0
4 2 2 4
1 1
1 2
0 1
1 0
0 0
1 1
3 4 4 2
2 1
1 1
1 1
2 1
0 1
0 0
3 4 5 1
2 1
2 2
1 1
2 1
1 1
0 0
2 3 2 2
2 2
2 1
1 0
0 0
3 4 4 2
1 2
1 1
2 3
2 1
0 1
0 0
4 3 4 2
2 1
1 1
1 2
2 1
1 0
0 0
3 4 4 2
1 2
2 1
2 2
1 1
0 1
0 0
3 4 3 3
2 3
2 2
2 1
2 0
1 0
0 0
3 4 4 2
2 1
2 1
1 1
1 1
0 1
0 0
4 3 4 2
2 2
1 1
2 1
1 2
1 0
0 0
4 3 5 1
1 1
1 1
2 1
2 1
1 1
0 0
4 3 2 6
1 1
1 2
0 1
1 2
0 0
1 1
1 0
0 2
3 4 1 6
2 2
0 1
0 0
2 1
2 0
1 0
1 1
3 4 5 1
2 1
2 2
1 2
1 1
2 1
0 0
4 3 4 2
1 3
2 2
1 1
2 1
1 0
0 0
3 4 5 1
2 1
1 2
2 1
1 1
2 1
0 0
3 4 3 3
2 1
1 2
1 1
0 1
0 0
0 2
4 3 4 2
2 2
1 1
1 1
2 1
1 0
0 0
3 4 5 1
1 1
2 3
2 2
2 1
1 1
0 0
4 3 5 1
1 1
2 1
2 1
1 1
1 1
0 0
4 3 4 2
1 3
1 1
2 1
1 1
0 1
0 0
3 4 4 2
2 3
2 2
2 1
1 1
1 0
0 0
3 3 4 1
2 1
2 1
1 1
1 1
0 0
2 4 2 2
2 2
1 1
0 1
0 0
4 3 4 2
1 3
2 2
1 2
1 1
0 1
0 0
32 32 3 10
1 16
1 8
1 4
0 1
2 6
0 20
2 31
0 18
0 11
3 9
1 9
2 4
1 20
4 2 4 1
2 1
1 3
1 2
1 1
0 0
3 4 5 1
2 3
1 2
2 1
1 1
2 1
0 0
4 3 3 4
1 1
2 1
1 1
0 1
1 0
0 0
1 1
2 4 4 1
1 1
2 1
2 2
2 1
0 0
2 4 3 2
2 1
2 2
1 1
0 1
0 0
3 4 4 2
1 1
2 3
2 2
1 1
0 1
0 0
3 4 5 1
1 2
1 1
2 3
2 2
2 1
0 0
3 4 3 4
2 1
1 1
2 1
0 1
1 0
0 0
1 1
3 4 3 4
1 1
2 3
2 2
0 1
1 0
0 0
1 1
4 3 3 2
2 2
1 2
1 1
0 1
0 0
3 4 3 4
1 1
2 3
2 1
0 1
1 0
0 0
1 1
3 4 4 1
2 2
1 2
1 1
2 1
0 0
4 3 5 1
1 1
2 1
1 1
1 1
2 1
0 0
3 4 4 2
1 1
2 1
1 1
2 1
0 1
0 0
4 3 5 1
1 3
1 2
1 1
2 2
2 1
0 0
3 4 5 1
2 1
2 2
1 1
1 1
2 1
0 0
3 2 1 4
1 1
0 1
1 0
0 0
1 1
3 3 4 1
2 2
2 1
1 2
1 1
0 0
4 3 3 2
1 2
1 1
2 2
0 1
0 0
3 3 4 1
2 1
1 2
2 1
1 1
0 0
2 1 1 1
1 1
0 0
4 2 3 2
1 3
2 1
1 1
1 0
0 0
4 3 5 1
1 3
2 1
1 1
2 1
1 1
0 0
2 4 3 2
2 1
1 1
2 2
0 1
0 0
3 4 5 1
1 1
2 3
2 2
1 1
2 1
0 0
2 4 3 2
2 1
2 2
2 1
1 0
0 0
4 1 3 1
1 1
1 1
1 1
0 0
4 3 4 2
1 1
2 2
1 1
2 1
1 0
0 0
3 2 2 2
1 1
2 1
1 0
0 0
4 3 5 1
1 1
1 1
1 1
2 1
2 1
0 0
3 4 4 2
1 1
2 3
2 1
1 1
0 1
0 0
2 4 2 3
1 1
2 1
0 1
0 0
0 2
4 3 3 2
1 2
2 2
2 1
1 0
0 0
4 2 4 1
1 1
2 1
1 1
1 1
0 0
3 4 1 8
1 2
0 1
1 2
0 0
1 3
1 1
1 0
0 2
0 3
4 3 2 6
1 1
1 1
0 1
1 2
0 0
1 1
1 0
0 2
3 4 4 2
1 2
2 1
2 2
2 1
1 0
0 0
4 2 4 1
1 1
1 2
1 1
2 1
0 0
3 3 4 1
1 1
1 1
2 2
2 1
0 0
3 4 4 2
2 3
2 1
2 1
1 1
1 0
0 0
4 3 3 2
2 1
2 1
1 2
1 0
0 0
4 1 1 3
1 3
2 0
1 0
0 0
3 4 4 1
1 1
1 1
2 2
2 1
0 0
3 4 5 1
1 1
1 1
2 3
2 2
2 1
0 0
1 4 1 3
2 1
0 1
0 0
0 2
4 3 4 1
2 2
1 2
1 1
2 1
0 0
2 4 4 1
1 1
2 3
2 1
2 1
0 0
3 4 2 4
1 1
1 1
0 1
0 3
0 0
0 2
3 4 4 2
1 1
2 3
2 2
2 1
1 0
0 0
3 4 5 1
2 1
1 1
2 2
2 1
1 1
0 0
4 3 4 1
2 1
2 1
1 2
1 1
0 0
3 3 4 1
1 1
2 1
1 1
2 1
0 0
4 3 5 1
2 2
1 1
1 2
1 1
2 1
0 0
3 4 5 1
2 1
2 1
1 2
2 1
1 1
0 0
2 2 1 2
1 1
0 1
0 0
4 3 4 2
2 1
1 1
2 1
1 2
1 0
0 0
3 4 4 2
2 3
1 1
2 1
1 1
0 1
0 0
4 3 5 1
1 3
2 2
1 2
2 1
1 1
0 0
4 3 5 1
1 3
1 2
2 1
1 1
2 1
0 0
3 4 4 2
1 2
1 1
2 1
2 1
0 1
0 0
4 3 2 4
2 1
1 2
0 1
1 0
0 0
1 1
2 4 3 2
2 1
1 1
2 1
0 1
0 0
4 3 4 2
1 1
1 1
2 2
2 1
1 0
0 0
4 3 4 2
2 1
1 3
2 1
1 2
1 0
0 0
3 4 5 1
1 2
1 1
2 1
2 1
2 1
0 0
3 4 5 1
2 1
2 2
2 1
1 1
1 1
0 0
4 2 1 4
2 1
3 0
2 0
1 0
0 0
4 3 4 2
1 1
1 2
2 1
1 1
0 1
0 0
3 4 5 1
2 1
1 2
1 1
2 1
2 1
0 0
4 3 5 1
1 1
2 1
1 2
2 1
1 1
0 0
32 32 2 10
2 16
2 8
16 6
31 6
13 4
7 6
19 4
11 2
23 2
29 1
22 6
13 0
4 3 3 4
2 2
1 3
1 1
0 1
1 0
0 0
1 1
3 4 5 1
1 1
2 1
1 1
2 1
2 1
0 0
3 4 3 4
1 2
2 3
2 1
0 1
1 0
0 0
1 1
4 3 3 4
2 2
1 1
1 1
0 1
1 0
0 0
1 1
4 3 5 1
1 1
1 1
2 2
2 1
1 1
0 0
4 3 4 2
2 1
1 3
1 1
1 1
0 1
0 0
4 2 3 2
1 1
2 1
1 2
1 0
0 0
3 4 1 8
1 1
0 1
1 2
0 0
1 3
1 1
1 0
0 2
0 3
4 3 5 1
2 1
1 3
2 1
1 2
1 1
0 0
3 4 4 1
2 2
1 2
2 1
1 1
0 0
4 3 5 1
2 1
2 1
1 1
1 2
1 1
0 0
3 4 5 1
2 1
2 1
1 1
2 1
1 1
0 0
4 3 3 4
1 1
1 1
2 2
0 1
1 0
0 0
1 1
4 3 4 2
2 2
1 3
1 1
1 1
0 1
0 0
4 2 4 1
1 3
2 1
1 1
1 1
0 0
3 4 3 2
1 2
2 2
1 1
0 1
0 0
4 3 3 2
1 2
2 1
1 1
0 1
0 0
4 3 4 2
1 1
2 1
2 1
1 1
1 0
0 0
4 3 4 2
2 1
2 1
1 1
1 1
1 0
0 0
3 4 4 2
1 1
2 1
2 2
2 1
1 0
0 0
1 2 1 1
2 1
0 0
4 3 4 2
1 3
1 1
2 1
2 1
1 0
0 0
3 4 3 3
1 1
1 1
2 3
0 1
0 0
0 2
3 4 5 1
2 3
2 1
1 2
1 1
2 1
0 0
3 4 5 1
2 3
2 2
1 2
2 1
1 1
0 0
4 3 5 1
1 3
2 2
1 2
1 1
2 1
0 0
3 3 2 4
1 2
2 1
0 1
1 0
0 0
1 1
0 0 0 0
