2
3 3 5 7
3 3
7 3
7 7
5
1 10 100 10
1 1
100 1
50 20
50 80
51 21
51 1
76
47 40 77 90
36 38
51 16
84 90
37 84
19 90
9 59
15 83
85 11
5 20
31 37
74 69
67 20
2 24
62 9
20 66
86 60
51 10
84 76
53 1
86 61
31 21
36 69
89 67
71 34
48 19
40 72
83 69
72 36
82 54
85 87
44 62
4 20
54 6
90 91
8 17
35 41
51 66
26 75
10 19
6 95
6 99
11 38
44 74
3 44
16 74
95 14
34 11
31 85
34 56
20 11
92 53
33 75
50 25
79 55
54 25
94 74
16 17
57 50
3 76
30 2
33 73
34 66
81 65
77 29
75 17
25 11
86 62
68 40
25 52
44 45
4 19
33 12
83 40
95 22
82 71
78 26
38 44
87
37 26 62 42
89 57
29 23
16 72
38 52
40 81
27 100
48 64
7 92
95 62
27 55
1 27
55 37
75 85
77 11
54 84
47 11
69 15
84 44
23 25
51 94
12 15
34 21
25 56
6 63
1 8
92 66
61 79
37 3
19 83
18 16
14 55
42 41
79 18
64 70
13 37
89 98
39 52
77 17
72 59
99 60
71 96
65 77
41 42
21 15
23 34
49 54
42 8
19 45
88 12
38 14
45 47
10 50
29 68
25 27
75 45
58 34
91 45
1 79
67 22
7 65
84 99
42 44
66 58
97 100
92 27
47 35
72 30
35 54
87 63
17 94
78 72
44 66
38 17
81 86
36 30
55 85
72 66
49 71
98 3
54 82
78 39
98 73
91 16
27 36
18 32
36 61
11 89
22 65
74
41 33 67 99
99 78
99 47
33 15
72 59
60 51
16 98
60 82
65 27
7 58
8 8
56 65
78 5
71 12
14 73
6 7
99 9
66 1
26 32
100 68
25 33
35 98
17 40
15 81
12 40
38 98
61 44
80 37
73 100
3 89
96 25
48 12
27 79
90 22
17 9
62 53
30 16
25 8
65 47
34 93
59 73
20 29
99 31
24 50
37 49
64 73
67 77
75 5
74 78
77 37
58 39
66 78
60 57
46 73
34 19
26 37
43 56
20 63
31 94
60 24
65 96
2 63
53 70
50 60
34 23
96 30
91 91
68 64
35 87
92 48
100 27
30 47
43 64
49 94
49 53
45 74
91
2 24 91 54
35 80
73 23
80 57
85 16
88 73
32 34
89 99
75 34
69 38
57 51
93 93
8 80
93 78
96 70
51 6
30 70
50 56
78 70
90 13
35 2
48 52
8 47
64 48
8 73
90 54
72 57
18 81
91 38
81 58
11 82
21 82
95 29
11 97
49 23
14 83
62 71
53 5
74 8
55 36
2 93
62 23
80 31
41 66
46 40
7 96
17 26
17 98
51 21
27 99
53 18
3 13
38 99
81 99
41 31
81 9
94 63
39 49
76 30
78 10
33 42
1 40
29 81
4 24
7 48
86 75
30 60
1 36
20 23
98 4
72 92
11 81
88 86
41 12
75 50
60 56
44 72
93 46
22 98
97 64
95 68
12 26
36 43
27 16
1 48
32 91
78 94
73 85
71 12
73 74
23 99
57 81
14 20
84
7 27 80 29
40 7
16 61
36 33
78 57
31 3
32 7
77 100
86 13
18 98
36 94
48 14
48 85
88 50
45 9
55 91
90 79
95 29
7 42
14 48
2 31
90 75
28 64
62 86
77 41
29 57
52 66
17 62
13 13
24 21
70 34
80 21
65 71
75 42
54 11
42 23
42 78
22 71
97 80
20 81
77 27
85 56
27 48
88 5
2 63
56 86
30 54
92 51
71 53
83 45
44 83
28 8
7 52
67 55
69 61
8 78
48 21
60 47
14 29
64 73
75 35
72 79
12 64
70 77
44 62
8 81
5 75
81 28
92 19
58 90
95 48
74 4
85 75
65 34
47 68
97 69
35 13
97 45
85 81
23 50
31 95
14 70
46 85
92 45
92 39
78 44
84
26 39 28 96
63 17
74 48
31 18
62 43
78 50
16 11
56 80
10 8
95 23
6 99
88 88
45 83
82 34
31 96
39 95
66 21
11 82
29 78
73 84
5 25
89 16
79 80
67 89
91 51
6 70
17 20
65 51
21 40
20 8
45 34
35 79
43 42
34 33
66 17
45 71
9 61
74 49
65 42
83 86
83 67
15 17
1 85
80 12
96 83
43 93
22 84
71 72
77 19
24 94
20 77
59 46
91 2
49 67
26 15
94 76
44 96
79 19
80 18
81 18
33 2
72 43
68 69
34 12
74 27
90 52
6 25
82 1
5 94
37 11
62 17
10 71
1 32
19 13
57 16
12 62
55 35
61 48
71 94
5 12
16 24
96 14
60 65
77 57
27 1
63 30
83
73 60 93 94
73 24
43 24
21 72
59 3
40 8
100 46
29 34
67 43
57 86
100 84
100 73
8 36
34 11
34 88
42 30
59 53
79 67
42 2
74 63
86 35
8 22
18 53
34 17
5 71
27 91
82 1
48 12
87 10
9 24
28 54
82 25
86 38
53 25
42 81
61 91
58 78
61 4
95 92
39 46
25 23
83 83
91 33
16 9
82 86
87 26
99 68
93 66
4 88
89 90
49 13
84 63
65 59
57 81
95 24
12 95
48 47
96 3
12 39
51 73
36 73
25 39
87 31
87 51
72 71
81 17
36 12
68 94
91 52
61 92
49 21
85 67
50 41
51 61
35 46
48 67
47 61
100 17
27 49
34 1
40 60
20 86
55 37
36 34
21 46
92
1 1 100 100
84 99
75 55
47 56
66 4
51 4
97 7
71 50
96 22
90 68
84 94
16 2
60 92
3 32
20 19
50 90
63 26
61 71
2 82
52 46
13 15
63 93
25 77
95 100
69 42
50 67
66 45
73 28
24 26
50 55
8 56
99 12
20 15
64 14
23 78
44 43
66 82
72 77
40 71
39 11
27 93
31 22
83 73
24 3
70 77
11 69
44 39
66 76
7 8
84 67
41 13
91 34
75 51
65 15
60 58
90 66
52 24
33 11
100 34
90 91
33 54
90 58
80 87
28 39
60 46
79 36
82 83
93 60
76 14
11 66
45 63
4 37
39 31
21 10
42 67
80 78
11 18
23 80
91 26
72 92
6 64
82 72
95 99
7 43
62 5
74 50
84 65
27 69
64 30
41 3
58 41
26 13
92 94
74 5
73
1 1 100 100
15 100
90 22
57 11
60 51
34 21
96 77
94 13
36 74
26 8
18 35
87 45
78 28
79 72
87 72
36 37
25 28
91 54
49 15
60 98
50 76
18 9
80 9
68 95
64 37
21 44
58 1
17 14
20 91
69 13
94 70
54 63
11 53
33 40
20 15
30 82
7 51
61 94
71 31
90 71
76 96
99 90
55 48
7 90
43 52
40 86
46 87
90 86
33 2
83 18
13 98
16 90
37 52
59 36
34 87
46 50
39 63
58 60
81 62
40 99
47 4
18 74
87 62
10 79
57 6
79 29
36 82
89 39
33 8
58 53
89 28
77 89
75 26
7 36
48 70
95
50 1 50 100
10 58
3 37
40 81
92 44
85 59
74 13
57 89
88 19
96 4
36 64
11 60
33 3
22 84
74 29
92 99
29 38
88 29
18 63
60 96
41 56
36 57
53 41
51 58
16 54
96 59
54 53
48 62
94 1
52 88
29 32
75 14
52 49
7 20
53 3
90 46
69 29
21 29
15 77
17 32
3 95
27 85
15 10
59 57
69 49
65 51
21 89
81 44
56 85
20 36
97 24
99 32
6 40
81 1
66 52
100 27
25 13
9 46
59 68
24 80
46 75
77 55
72 71
61 29
64 82
100 98
42 17
43 66
84 26
23 23
49 84
99 29
96 50
59 90
71 70
49 2
7 69
44 35
89 76
96 3
6 36
22 41
96 6
95 74
76 15
76 51
52 70
94 23
37 28
69 25
73 12
60 55
44 77
41 73
60 93
38 100
63 98
86
50 1 50 100
16 92
19 89
78 37
6 19
5 81
34 35
7 2
42 94
8 29
2 46
88 89
41 51
95 94
96 28
24 28
91 22
66 63
84 85
55 32
16 87
26 89
94 69
38 50
59 87
68 34
98 88
3 50
75 23
81 94
46 85
37 17
64 40
59 94
28 12
42 87
44 39
2 4
96 51
56 58
80 58
32 99
89 46
5 86
100 63
29 88
51 34
9 97
4 65
31 51
63 73
16 18
94 39
41 24
41 2
33 59
39 21
82 34
97 55
61 60
76 12
60 34
77 57
14 23
21 74
8 56
12 20
97 45
5 8
20 74
75 47
13 6
60 91
61 55
69 82
1 94
5 63
71 86
72 3
63 7
69 55
79 63
4 31
41 8
93 24
63 24
67 13
59 72
95
50 1 50 100
74 82
38 31
46 19
76 25
84 63
33 64
31 76
41 80
44 34
62 19
74 4
2 74
27 36
15 82
67 91
94 33
42 4
44 48
91 93
66 71
19 11
42 31
90 61
25 68
43 49
55 61
79 56
28 56
77 9
87 68
38 6
83 64
61 66
18 35
73 63
18 30
90 73
64 29
74 19
24 62
43 3
59 57
42 15
23 39
58 68
73 47
25 41
89 80
4 50
98 20
30 16
53 74
29 37
12 84
1 66
63 61
73 62
100 57
31 8
37 3
33 14
52 30
33 10
86 82
63 39
28 71
41 57
88 62
72 19
51 5
93 50
1 36
22 98
20 4
85 57
56 16
17 81
94 26
15 68
10 5
41 72
95 10
2 85
61 50
81 16
57 11
63 31
35 8
2 99
99 41
66 21
2 79
84 18
37 54
43 48
75 83
93
50 1 50 100
48 47
75 55
82 13
1 44
25 41
95 90
26 86
63 65
8 98
18 100
98 6
71 7
97 15
43 62
65 69
38 23
99 10
74 36
70 36
38 52
15 11
25 50
62 41
9 85
88 72
93 32
66 71
31 48
4 18
5 17
64 18
100 90
55 78
14 7
48 89
32 71
57 63
1 1
3 86
44 42
89 32
92 66
27 52
45 63
54 70
7 67
7 62
3 65
12 26
62 72
17 70
80 38
84 84
2 21
22 12
29 92
88 4
87 83
84 36
75 73
95 60
92 89
94 78
6 75
49 43
7 19
5 47
46 87
36 9
29 98
80 36
67 23
13 15
94 60
6 80
42 92
57 40
2 10
48 30
5 64
14 54
92 15
45 14
44 81
94 25
47 80
93 69
98 35
21 2
70 87
88 8
55 31
19 97
7 89
71
50 1 50 100
54 46
97 65
23 59
67 22
13 93
97 81
96 36
60 43
68 34
7 28
78 98
71 53
35 33
48 32
26 87
16 93
50 27
65 50
81 55
5 76
30 94
38 87
56 91
24 79
33 84
2 75
5 1
16 36
26 21
41 61
58 36
80 97
74 43
85 95
5 64
91 9
98 38
38 40
31 92
84 41
3 48
82 44
81 51
40 75
92 36
96 67
97 89
54 89
90 42
29 45
71 2
89 67
18 65
30 75
35 68
1 59
19 43
83 37
41 52
36 76
1 7
29 71
43 31
52 55
17 21
31 99
82 71
12 7
60 54
4 55
42 90
12 56
92
1 50 100 50
97 71
89 35
97 75
3 89
100 28
64 65
95 42
85 40
23 44
76 60
80 29
11 59
59 6
94 29
2 36
7 2
92 39
44 23
47 99
9 45
82 71
20 5
31 38
34 5
61 100
26 40
39 29
99 29
63 71
59 61
72 35
51 5
44 15
100 66
78 70
57 59
33 50
44 58
66 49
91 64
8 5
13 23
75 88
51 21
51 60
5 72
91 96
13 83
87 38
92 88
59 65
92 10
91 82
9 46
11 41
34 81
21 67
48 57
76 73
56 97
39 12
8 32
43 50
34 97
37 51
27 41
16 37
6 25
50 84
64 50
53 10
28 67
70 39
75 74
6 43
69 82
49 84
2 12
68 33
37 56
22 78
32 68
60 95
44 6
50 60
25 9
47 70
40 3
52 69
59 56
23 80
13 40
87 99
80
1 50 100 50
14 33
54 50
51 66
55 60
48 59
33 70
93 33
29 76
95 62
21 76
24 4
76 72
39 43
35 8
70 99
14 56
2 89
39 53
97 65
62 9
7 60
46 43
50 68
15 59
48 43
88 81
77 18
36 15
72 15
84 90
25 25
54 53
72 65
40 41
75 39
30 42
46 29
14 45
39 60
34 12
60 8
43 23
86 47
23 96
81 68
23 66
73 81
24 41
30 17
60 94
57 66
65 56
98 99
22 12
42 87
16 84
95 57
53 26
69 64
72 23
71 35
99 43
48 7
88 53
45 39
37 67
70 53
31 44
12 74
20 11
86 39
56 10
13 17
48 82
69 72
62 71
62 56
68 39
40 8
3 52
96 50
89
1 50 100 50
91 43
1 99
16 61
14 42
73 43
1 45
77 72
25 75
53 35
42 24
6 3
52 15
28 40
60 12
22 82
78 58
27 44
2 78
51 1
19 11
15 79
31 87
83 50
6 80
7 16
89 98
50 33
86 36
46 40
69 11
88 86
13 31
62 84
87 52
35 77
52 55
15 62
45 18
37 43
11 83
4 92
43 31
74 37
40 6
96 78
52 92
57 33
42 53
80 49
18 38
97 59
51 25
66 13
96 81
63 81
15 26
30 18
6 33
71 72
84 38
26 15
69 73
89 67
35 20
20 80
92 84
86 23
31 21
48 76
52 49
68 7
65 64
43 44
23 93
64 95
26 77
9 31
92 43
14 20
13 32
65 1
70 3
87 73
75 92
68 66
51 47
99 30
54 47
53 90
26 86
97
1 50 100 50
59 82
87 32
63 16
37 51
57 12
39 76
87 73
43 39
41 90
47 68
81 76
75 24
83 22
48 44
14 15
67 37
20 69
88 66
8 34
99 80
40 67
19 17
17 32
56 81
52 76
21 30
56 91
10 19
14 11
11 56
5 16
7 18
22 47
79 23
91 20
53 37
24 97
40 25
51 98
17 6
97 19
44 7
64 28
88 85
64 22
91 54
31 43
66 8
91 96
8 62
78 33
76 24
18 61
59 55
5 25
40 7
1 87
80 71
94 28
5 79
51 70
77 11
18 39
84 52
65 47
21 59
16 19
27 79
22 17
62 53
93 100
15 68
100 5
20 28
61 61
31 27
33 95
43 13
46 65
84 49
93 62
22 65
10 88
50 56
82 69
17 47
55 53
90 18
12 91
88 36
38 20
56 86
23 76
86 19
31 77
83 38
79 78
22 37
97
1 50 100 50
92 5
31 24
28 78
78 12
40 61
33 95
41 32
59 38
34 4
52 52
68 23
21 26
36 81
14 98
83 39
11 64
94 66
12 8
92 62
30 31
91 40
6 86
43 31
92 37
82 22
13 72
48 54
38 7
95 59
67 87
89 70
63 35
46 10
26 18
39 31
34 97
91 99
32 100
24 30
10 69
34 3
31 47
38 96
36 7
93 58
5 33
23 80
8 100
1 95
38 26
10 58
39 4
23 14
90 80
80 41
86 100
75 31
94 75
4 50
44 32
12 28
42 16
60 86
50 80
85 13
49 60
70 35
8 14
61 14
54 74
100 40
95 25
77 56
64 94
83 20
51 28
35 92
43 66
73 33
79 17
77 14
86 49
72 25
18 36
38 76
71 41
17 75
24 31
19 25
91 29
90 43
98 90
71 9
77 64
88 85
92 36
43 33
52 3
74
50 50 50 50
75 69
97 90
78 82
64 43
45 93
29 25
2 54
39 57
9 22
78 63
9 27
23 6
11 6
16 32
78 45
68 5
48 34
42 1
98 52
90 10
85 39
71 99
97 78
85 54
16 98
23 53
33 16
90 98
50 75
2 58
97 42
70 24
86 46
60 16
96 65
97 27
32 56
29 64
36 7
85 82
96 99
88 33
59 58
7 69
59 28
19 36
60 10
90 4
14 20
34 37
45 80
33 35
27 74
98 91
32 11
23 79
18 15
44 78
51 9
79 14
30 92
67 64
18 44
22 25
1 36
21 73
86 69
50 17
100 79
18 22
24 16
88 91
1 25
52 30
84 5
99
50 50 50 50
70 17
100 69
57 15
1 11
68 96
6 35
34 95
74 98
92 50
56 47
12 91
16 56
44 8
52 75
81 39
23 16
24 71
56 87
22 67
52 81
58 34
13 27
55 73
75 15
30 79
56 59
11 34
52 5
56 46
83 33
76 1
57 56
68 70
47 14
26 72
40 95
91 52
88 35
88 3
6 15
45 41
33 6
51 57
13 59
64 36
85 28
84 47
79 50
77 84
96 56
91 45
12 39
91 85
52 67
27 13
20 14
1 86
45 76
32 25
70 18
11 75
8 72
24 37
58 38
22 33
94 80
65 60
38 44
49 88
73 75
83 11
21 88
99 34
74 100
49 30
68 74
68 10
39 98
35 1
54 33
6 80
95 80
18 60
61 64
51 82
94 55
26 48
34 51
23 17
100 47
56 99
41 97
43 65
15 23
70 86
5 80
7 30
58 64
36 34
24 74
70
50 50 50 50
61 58
3 32
83 83
48 47
50 89
21 61
5 81
96 77
29 45
63 83
8 24
94 54
75 100
61 45
57 97
34 71
8 66
79 65
23 15
21 57
41 16
2 41
37 89
30 74
11 29
51 33
57 84
5 73
16 35
37 1
78 39
18 37
57 68
11 3
45 89
82 82
89 90
14 56
81 86
29 54
53 90
80 84
99 27
24 70
28 97
44 87
38 70
83 67
77 35
83 11
3 70
68 8
26 38
27 82
93 64
3 47
39 93
49 35
97 23
33 94
49 65
32 51
80 6
82 21
66 81
32 12
96 52
31 91
32 96
31 1
13 55
98
45 45 55 55
44 74
33 77
87 79
62 80
94 74
65 11
61 10
75 23
44 73
7 26
49 41
48 27
71 31
100 97
38 15
51 65
49 94
78 14
26 97
66 70
21 90
37 1
80 56
80 88
69 60
76 32
33 97
78 11
9 8
49 9
54 98
38 80
79 74
50 14
94 10
42 69
74 84
80 89
51 9
35 63
34 91
64 88
99 2
28 56
70 40
8 45
72 56
81 1
94 23
52 23
37 50
25 18
33 51
81 70
16 99
92 95
45 38
86 88
50 38
23 23
28 98
93 2
63 71
8 52
25 13
66 54
94 90
32 99
15 57
25 16
33 9
58 46
14 71
97 82
24 35
89 27
78 81
15 26
18 91
96 67
39 61
85 14
55 84
89 82
26 72
50 72
40 68
11 10
4 76
72 18
100 4
51 14
53 92
53 22
31 89
62 100
96 70
56 51
16 77
90
45 45 55 55
57 97
40 1
14 66
71 13
72 20
94 14
100 96
50 11
45 24
10 19
31 84
58 60
29 25
91 38
20 62
78 51
52 20
86 13
52 25
83 15
41 33
53 75
52 69
1 25
48 68
11 50
73 79
34 44
14 23
100 77
62 94
1 64
98 96
28 91
80 29
74 24
50 62
82 93
85 31
17 93
23 7
25 79
49 4
34 21
38 10
37 36
96 91
8 56
5 63
25 61
53 34
78 69
63 10
90 26
29 79
62 26
65 69
23 65
10 10
14 38
80 42
29 88
65 83
84 33
77 37
18 52
27 75
63 96
5 49
36 4
31 39
41 3
35 5
24 38
95 8
39 17
21 43
97 18
63 56
57 13
47 93
36 22
92 4
62 59
51 7
94 54
21 22
3 80
93 96
6 6
42 58
94
45 45 55 55
4 23
18 51
35 86
59 8
6 86
39 79
37 74
67 3
19 57
21 81
13 45
89 40
30 18
68 30
91 24
47 84
95 42
7 36
37 6
59 27
72 74
68 8
52 73
25 60
49 22
50 64
42 4
54 95
71 55
22 89
20 41
97 50
72 86
32 70
94 52
68 50
4 67
50 21
87 23
83 37
15 46
79 22
51 19
73 79
81 32
53 53
96 17
90 42
55 9
34 25
92 52
59 24
78 26
96 60
2 99
80 16
32 67
35 8
81 82
63 16
30 93
45 1
65 46
25 40
68 44
30 46
27 41
65 64
48 59
56 93
7 87
25 65
3 29
96 55
35 31
53 36
25 64
99 36
63 58
66 94
51 75
16 55
2 54
99 72
11 73
61 47
85 36
5 90
75 84
35 7
47 42
31 79
77 35
16 36
51 72
1
30 30 60 60
58 95
47 55
1
30 30 60 60
38 23
44 58
1
30 30 60 60
98 24
55 31
1
30 30 60 60
11 50
31 54
1
30 30 60 60
59 51
92 68
1
30 30 60 60
44 56
96 48
1
30 30 60 60
59 58
36 84
1
30 30 60 60
5 3
53 37
1
30 30 60 60
52 32
68 9
1
30 30 60 60
58 58
23 34
1
10 10 10 10
10 9
11 10
1
16 16 20 20
15 14
21 14
1
16 16 20 20
13 18
18 13
1
16 16 20 20
21 21
20 20
1
16 16 20 20
20 16
21 15
1
53 44 53 100
51 43
51 47
100
100 1 100 1
1 1
100 100
1 2
100 99
2 1
99 100
1 3
100 98
2 2
99 99
3 1
98 100
1 4
100 97
2 3
99 98
3 2
98 99
4 1
97 100
1 5
100 96
2 4
99 97
3 3
98 98
4 2
97 99
5 1
96 100
1 6
100 95
2 5
99 96
3 4
98 97
4 3
97 98
5 2
96 99
6 1
95 100
1 7
100 94
2 6
99 95
3 5
98 96
4 4
97 97
5 3
96 98
6 2
95 99
7 1
94 100
1 8
100 93
2 7
99 94
3 6
98 95
4 5
97 96
5 4
96 97
6 3
95 98
7 2
94 99
8 1
93 100
1 9
100 92
2 8
99 93
3 7
98 94
4 6
97 95
5 5
96 96
6 4
95 97
7 3
94 98
8 2
93 99
9 1
92 100
1 10
100 91
2 9
99 92
3 8
98 93
4 7
97 94
5 6
96 95
6 5
100
7 12 7 12
95 42
68 22
43 97
5 34
32 67
98 32
75 43
18 38
90 100
62 76
49 84
34 2
83 38
61 89
57 56
59 49
48 54
67 53
22 70
66 34
6 56
86 100
56 6
61 7
76 76
59 12
25 93
26 66
84 23
59 89
5 87
49 63
71 91
7 66
85 38
19 60
29 68
58 12
63 80
75 52
43 73
31 12
11 36
20 53
19 84
25 59
89 47
3 52
11 78
43 14
89 57
23 6
15 23
74 93
75 4
61 56
55 19
12 75
96 25
31 2
86 99
90 72
23 84
97 81
85 83
72 9
35 88
47 4
79 25
12 90
22 65
2 67
66 21
21 45
60 39
38 59
39 76
28 42
50 6
69 91
79 90
84 52
49 49
28 83
56 23
86 3
71 25
52 64
14 72
50 85
74 38
25 39
39 38
33 63
80 90
95 50
30 77
84 30
53 13
6 72
39 96
100
1 50 100 50
97 25
88 25
10 91
76 97
55 47
30 50
37 23
83 35
2 42
57 53
35 59
42 19
94 2
71 56
50 34
67 41
46 55
24 85
12 13
22 46
88 49
36 28
63 32
39 16
81 14
26 42
47 90
99 90
50 91
5 36
67 74
5 35
5 87
82 62
38 12
19 96
52 21
1 85
23 52
21 22
2 45
76 19
48 25
48 49
19 23
100 19
54 77
57 36
64 83
63 97
92 61
17 45
60 60
55 55
46 14
82 51
28 14
30 55
59 34
65 31
33 14
78 40
70 89
10 64
63 88
9 53
14 4
74 57
41 19
77 78
3 20
75 39
70 84
16 13
89 70
27 44
57 35
51 92
89 6
7 57
37 74
98 61
51 33
27 54
65 97
92 87
18 48
88 48
92 47
39 34
60 81
79 73
73 55
54 14
18 16
85 70
15 44
56 21
17 12
41 40
15 69
100
72 1 83 100
88 30
11 100
54 41
52 77
93 39
45 76
79 72
94 49
41 54
91 92
29 49
44 57
91 45
25 9
65 46
22 46
44 85
81 83
66 10
55 29
42 97
95 51
79 22
81 60
3 47
47 35
26 92
61 43
83 84
87 95
9 29
86 21
49 31
24 19
96 21
98 23
16 79
44 63
71 70
20 58
40 18
17 54
78 95
8 92
28 84
80 13
17 19
46 93
1 87
27 1
84 1
7 61
98 4
5 77
74 69
25 46
6 18
98 2
82 30
68 61
86 60
14 52
47 97
26 28
97 8
92 4
67 14
64 93
44 14
88 83
84 35
88 26
99 38
60 60
95 14
31 90
52 73
25 87
58 78
62 64
48 37
12 81
5 84
82 86
32 27
19 63
7 97
11 39
3 8
38 79
33 97
52 91
57 86
53 43
25 18
12 3
21 28
95 1
91 46
43 14
9 57
100
1 1 100 100
43 25
77 78
51 39
57 17
89 83
45 7
77 18
84 79
56 89
91 23
17 68
68 15
18 46
92 94
61 82
65 94
51 1
36 69
68 23
42 95
12 66
6 16
81 87
5 73
37 67
32 19
86 7
44 20
77 47
40 31
68 68
70 22
27 96
100 88
54 24
51 9
51 35
38 8
98 37
49 1
41 77
58 75
39 22
74 9
85 82
69 21
49 93
34 27
18 4
16 17
55 12
74 5
68 96
74 69
75 52
72 71
53 8
40 86
74 23
31 75
67 19
89 28
86 42
36 55
22 94
49 42
14 1
19 65
75 66
63 42
23 82
75 67
5 88
55 67
69 52
39 26
32 99
41 74
90 81
58 41
1 18
24 96
70 74
53 60
94 87
84 5
57 7
79 61
24 1
7 95
52 74
96 1
94 3
18 32
16 63
49 57
67 64
35 55
47 1
42 62
64 1
100
100 100 100 100
64 33
82 9
7 19
87 75
41 82
94 18
8 36
82 100
71 88
52 94
40 80
52 40
37 66
61 12
94 7
24 34
27 28
2 92
61 4
18 13
45 79
92 27
24 73
35 4
20 26
77 9
54 67
47 61
53 72
84 75
30 46
80 84
43 28
96 57
39 59
47 49
49 85
10 62
25 93
56 25
93 53
83 41
8 32
97 89
72 5
26 22
89 39
100 10
96 91
11 84
89 1
21 14
38 80
33 89
96 14
27 45
73 75
66 52
42 19
50 89
5 11
75 26
30 56
77 68
31 43
51 10
55 66
68 65
6 1
9 17
83 80
77 30
6 79
32 71
34 75
35 82
87 62
91 10
13 72
94 84
75 94
48 99
9 18
59 42
65 48
32 75
6 69
68 59
48 69
11 69
50 97
38 62
47 21
68 1
4 69
54 99
22 78
35 42
68 36
81 56
53 53
0

