2
3 3 5 7
3 3
7 3
7 7
5
1 10 100 10
1 1
100 1
50 20
50 80
51 21
51 1
82
37 28 63 33
15 18
15 82
52 30
30 25
29 23
54 39
47 22
61 65
70 19
32 91
24 42
62 17
44 43
56 32
55 69
41 23
84 33
25 87
65 29
83 62
90 64
40 68
76 86
62 92
1 57
23 97
70 36
99 68
18 27
90 44
51 81
94 52
19 60
31 84
73 97
42 64
85 76
51 84
54 29
78 54
18 25
71 84
52 75
63 49
18 99
29 39
42 86
41 100
71 37
3 22
12 100
49 94
61 17
49 100
29 88
84 36
11 42
16 88
3 6
28 63
9 72
57 46
10 79
52 42
32 73
84 10
3 24
57 10
77 85
96 69
57 71
78 2
86 14
10 50
76 37
61 21
98 97
89 45
60 97
29 21
15 58
57 67
25 50
82
14 2 45 33
73 52
52 27
63 59
10 52
28 22
37 17
98 90
100 24
67 68
36 68
42 8
53 71
24 79
58 57
36 2
11 40
36 97
29 84
96 57
49 6
57 10
86 78
1 22
94 68
39 61
50 6
86 10
13 60
43 13
21 92
13 14
33 34
44 18
66 12
40 69
92 74
72 85
98 60
66 40
94 64
53 65
2 55
29 4
43 44
81 69
36 49
17 100
38 80
53 87
5 56
65 83
40 20
95 58
20 31
24 76
52 75
35 86
88 97
40 37
5 27
27 27
68 8
88 93
49 14
24 85
18 83
36 46
77 81
81 90
94 13
10 33
1 59
79 3
57 39
84 63
87 11
84 11
1 99
14 93
92 99
19 12
88 76
89 80
72
84 5 97 61
40 52
6 38
87 74
59 4
41 86
32 26
60 7
87 52
86 20
87 79
25 33
84 59
85 99
36 72
56 46
1 7
57 93
70 60
66 6
17 72
53 61
61 25
13 13
5 50
45 24
89 3
12 74
78 27
100 70
26 57
41 29
5 41
81 49
67 59
92 25
51 63
86 84
39 98
78 33
46 90
94 55
62 66
14 51
90 70
23 8
22 11
49 47
80 85
75 73
85 51
84 67
59 22
74 72
46 37
7 85
2 36
60 44
13 43
31 17
59 83
19 81
34 4
93 25
25 95
35 33
98 73
75 51
66 75
100 50
67 96
38 9
10 64
92 64
97
21 24 70 40
4 4
49 61
36 58
5 83
67 44
9 50
32 57
67 54
99 76
14 2
12 100
31 27
53 27
18 41
65 11
3 76
36 21
43 64
12 84
26 68
93 79
29 28
37 86
23 54
56 6
30 27
95 45
69 7
79 98
1 28
32 100
21 79
27 99
7 58
47 21
35 24
78 94
19 53
6 23
55 72
81 35
50 11
26 89
56 34
36 77
73 55
4 53
85 69
90 15
87 28
11 27
81 78
24 27
82 75
30 35
6 46
20 17
68 42
24 45
98 49
59 9
56 40
11 54
48 21
75 18
14 58
79 42
34 23
15 21
10 48
50 72
47 45
63 77
86 67
6 59
83 1
89 81
47 72
78 15
31 46
28 61
39 73
84 58
88 52
25 62
94 66
66 41
27 92
1 93
27 42
87 91
1 39
45 33
61 68
91 44
78 3
53 4
100 26
99
7 17 20 95
94 70
38 38
80 53
65 87
76 67
10 85
75 24
29 51
28 85
83 78
15 61
49 5
70 56
39 60
39 31
57 23
87 6
57 51
27 59
28 66
74 25
84 82
71 72
81 93
97 92
34 18
100 47
48 5
90 64
50 74
74 66
38 77
66 42
45 66
92 43
92 18
92 84
11 91
68 44
38 87
13 8
33 71
67 100
16 10
7 92
70 37
82 25
86 81
73 61
40 6
55 86
83 97
35 51
48 56
89 33
93 40
91 69
93 48
61 97
18 59
23 88
39 2
7 31
4 81
21 3
12 56
29 95
54 5
30 69
66 32
63 71
3 69
29 97
37 100
9 45
4 93
2 73
76 90
50 61
62 88
87 93
86 76
84 33
50 50
15 71
10 91
89 84
60 47
42 76
4 88
83 94
42 43
49 57
86 29
19 40
8 84
5 16
40 45
55 97
16 25
87
13 21 99 53
60 8
45 77
53 31
15 35
12 81
87 10
86 35
30 73
86 42
96 50
71 91
42 92
79 40
51 2
78 76
78 49
64 80
15 38
100 39
86 52
7 67
95 22
64 31
64 50
24 100
66 100
56 43
65 81
58 99
24 33
66 17
19 24
90 15
75 14
97 25
92 52
100 98
36 28
93 45
16 18
83 2
64 57
3 89
79 98
85 41
27 12
35 46
18 21
36 73
45 72
91 54
52 28
65 60
60 86
80 2
79 90
90 29
72 11
1 69
23 58
5 86
11 31
98 79
18 84
3 83
32 36
17 74
47 98
89 60
67 75
62 73
56 66
30 57
57 15
89 18
1 13
47 62
20 30
85 51
31 61
25 39
100 33
49 29
51 4
43 23
83 53
99 73
34 49
74
3 16 23 21
49 29
6 54
65 44
54 40
3 7
26 79
62 55
48 30
12 81
51 87
80 36
6 90
29 34
13 79
4 60
45 74
61 27
27 3
84 64
100 68
96 9
77 94
53 69
99 75
53 79
56 30
31 76
39 57
15 60
26 26
30 64
18 21
98 20
21 21
58 55
15 62
14 55
9 6
46 57
31 51
5 69
25 42
67 58
53 42
19 18
68 30
39 61
37 48
60 98
34 92
92 67
78 42
90 52
91 86
21 67
54 67
62 18
36 63
84 34
67 14
100 93
17 54
86 67
98 25
73 37
60 93
86 60
8 75
4 85
64 68
32 82
42 17
2 50
21 48
21 37
85
1 1 100 100
16 39
67 85
32 3
40 2
27 6
22 68
50 90
43 1
83 48
86 43
21 57
52 17
36 92
53 34
94 37
4 7
24 64
14 25
100 96
2 42
96 92
71 91
97 29
99 77
63 43
66 56
22 52
10 19
75 22
48 19
42 97
42 32
2 8
29 8
24 96
41 9
23 30
43 37
16 16
21 59
62 74
34 80
85 8
91 69
60 7
93 76
61 10
88 82
86 99
54 29
49 14
93 31
97 55
92 20
9 84
31 58
88 46
43 47
32 75
29 92
76 83
47 37
85 50
46 11
89 17
44 95
67 32
53 87
67 98
75 30
40 73
85 34
37 15
74 50
87 70
16 35
68 57
11 41
66 95
13 14
60 56
91 3
85 91
38 30
99 69
86 2
81
1 1 100 100
71 26
34 94
28 70
10 35
5 15
28 12
18 27
19 55
29 40
96 86
68 91
26 88
92 61
44 22
26 9
56 15
76 49
50 53
20 62
76 51
81 38
86 77
75 94
43 96
10 65
85 81
65 18
6 67
20 21
15 62
90 76
80 69
16 43
74 22
77 50
5 67
59 90
82 85
78 40
53 18
41 99
48 31
86 15
95 67
5 25
80 42
31 12
47 3
88 60
86 51
95 82
35 5
64 73
95 42
83 33
78 18
39 87
87 89
85 27
98 70
82 68
54 54
67 9
100 70
38 80
8 70
19 52
17 36
96 99
4 33
93 80
25 46
2 65
96 85
64 64
28 79
20 25
9 37
52 85
54 1
49 94
98 80
83
50 1 50 100
10 49
97 68
74 58
58 46
98 61
25 29
37 39
90 83
39 77
75 92
71 10
75 5
9 9
54 93
4 70
28 86
6 10
64 58
91 36
65 14
64 44
9 1
38 32
94 11
63 72
82 92
79 91
100 8
3 99
77 38
72 1
67 32
12 78
94 54
61 90
62 93
28 35
50 72
10 53
46 89
40 59
46 16
28 83
66 78
59 52
23 82
24 45
62 87
5 59
66 39
48 37
2 26
43 49
25 41
7 5
1 67
27 39
90 14
63 90
29 20
46 21
67 31
23 14
58 21
47 5
60 46
89 52
68 27
93 21
84 44
36 2
74 53
27 72
97 53
4 44
61 98
46 91
20 43
60 78
41 62
82 58
26 34
95 55
79 57
76
50 1 50 100
79 61
82 9
70 36
14 73
36 58
16 18
19 36
25 76
52 95
18 34
36 20
54 72
22 50
55 99
64 7
47 16
93 12
86 58
50 15
89 2
74 53
89 51
22 99
93 93
74 95
32 81
5 31
33 31
74 37
99 63
80 55
93 85
68 90
50 79
30 7
37 21
1 33
84 75
94 48
24 93
67 20
15 43
69 49
66 23
69 66
100 26
64 96
18 10
5 73
69 100
51 8
93 31
7 82
1 66
30 5
93 28
37 29
26 21
92 73
69 5
49 14
68 42
81 55
25 44
68 2
77 82
61 5
35 59
12 80
83 84
31 88
12 99
78 53
31 96
89 3
3 73
62 60
89
50 1 50 100
4 4
77 3
93 72
10 38
44 9
71 71
49 1
43 15
82 6
50 54
62 24
19 49
81 63
43 71
4 78
37 50
64 42
65 39
1 48
53 30
20 36
4 82
32 42
80 26
39 60
35 80
82 99
68 20
44 31
84 88
35 36
38 15
100 46
56 43
5 23
65 18
62 50
60 72
19 79
61 10
95 67
96 28
5 83
56 85
48 71
78 75
65 33
5 74
46 41
89 84
26 5
74 91
87 37
1 20
30 5
42 29
87 75
36 48
15 91
99 33
66 20
87 9
50 64
68 87
27 9
12 87
86 98
23 85
29 12
57 99
83 55
17 53
27 88
34 39
26 73
63 28
55 25
8 15
10 89
30 93
91 43
63 23
55 19
21 14
74 92
86 15
81 7
1 94
96 46
80 43
83
50 1 50 100
78 71
30 44
61 87
100 3
2 25
75 32
98 87
100 26
27 56
5 62
76 34
50 65
97 93
73 57
16 71
67 64
81 56
50 35
3 15
18 22
67 41
63 13
70 42
23 40
72 65
27 91
52 71
59 30
60 24
47 21
39 30
31 58
74 44
37 36
53 59
15 35
18 83
2 62
83 89
52 95
21 10
86 54
19 66
93 14
60 90
17 2
100 27
60 94
73 23
53 3
35 1
46 1
85 31
2 64
79 10
13 54
78 25
41 45
26 91
37 64
47 48
50 89
51 87
68 81
6 39
82 15
53 29
58 68
90 57
60 89
97 3
93 49
41 78
74 55
19 11
89 76
29 44
32 9
92 57
44 82
9 18
16 99
68 9
96 6
91
50 1 50 100
34 7
44 57
6 9
78 18
99 52
15 14
61 8
61 73
56 91
88 20
72 41
35 50
25 68
96 67
64 17
2 51
15 100
73 82
89 61
48 34
38 10
12 58
95 7
7 54
7 94
8 63
55 93
19 86
37 72
71 70
93 33
39 49
10 15
69 71
50 72
13 55
12 12
85 96
49 57
20 19
81 99
98 17
77 90
8 86
26 84
36 60
81 92
75 79
92 15
27 21
73 30
51 41
14 63
57 91
28 14
92 60
97 82
31 31
71 17
68 55
60 18
47 92
85 52
32 53
23 98
47 36
19 63
77 73
100 16
10 91
58 99
4 4
9 59
3 85
17 31
53 75
44 62
37 6
11 65
67 63
78 56
6 54
38 65
86 55
98 26
31 55
29 85
14 66
6 55
12 5
60 69
63 90
90
1 50 100 50
35 7
65 18
14 61
14 97
88 85
14 31
76 56
62 11
85 79
97 20
48 88
32 26
33 48
42 43
88 20
21 42
43 71
25 60
22 100
41 20
16 96
31 13
32 67
59 34
38 21
26 17
93 74
85 13
74 62
38 71
18 81
89 68
67 56
13 100
98 8
42 14
16 58
7 23
22 73
25 92
79 21
63 84
43 16
44 67
62 4
12 74
96 27
98 69
2 81
42 54
64 33
44 20
39 90
24 32
14 85
78 22
80 75
60 55
96 24
15 67
38 86
90 69
66 20
18 52
50 94
77 69
31 72
47 5
53 3
66 24
24 21
24 83
55 72
85 75
29 48
98 96
90 42
100 40
7 26
55 52
84 67
15 74
62 47
27 24
27 68
3 64
1 14
91 2
17 37
84 84
81 21
79
1 50 100 50
88 80
61 28
57 79
53 71
89 37
39 15
74 71
58 98
77 53
49 74
20 12
32 40
14 100
95 56
98 73
94 47
91 48
25 73
28 54
17 34
44 16
99 96
9 1
89 22
36 97
26 87
75 21
14 91
47 58
74 19
37 36
51 52
31 71
29 92
45 14
21 82
88 67
40 67
48 77
84 40
26 50
10 90
62 25
69 99
57 98
51 81
50 55
85 91
72 61
68 80
75 100
1 73
45 63
46 69
59 40
63 44
86 45
90 82
52 78
64 89
62 11
52 8
80 23
15 79
68 85
34 98
88 5
73 19
79 8
29 1
58 4
51 71
59 69
70 24
96 54
22 89
25 81
8 83
91 12
63 29
90
1 50 100 50
53 38
82 12
28 55
21 91
72 63
61 85
78 47
71 55
38 71
78 13
92 78
35 27
83 17
75 74
39 21
98 14
79 88
38 72
43 7
58 9
4 22
27 87
21 19
38 80
33 67
8 19
70 81
76 81
98 10
38 31
72 46
14 75
28 62
7 20
91 24
65 16
76 35
40 94
11 83
37 65
80 91
34 14
76 99
96 62
34 22
50 57
54 44
31 81
17 96
84 41
54 75
90 56
10 44
53 87
43 92
6 70
25 43
50 58
85 10
53 42
77 44
13 3
42 71
45 58
54 62
81 25
4 64
73 36
80 36
16 59
37 72
34 1
36 84
58 15
32 12
96 77
11 98
15 9
1 38
41 1
72 47
10 13
23 90
25 94
35 96
55 19
29 68
75 10
62 75
9 28
47 40
91
1 50 100 50
35 19
65 79
56 20
21 2
87 34
32 56
39 97
70 100
90 42
63 52
33 43
21 82
36 28
35 23
32 35
60 54
88 95
6 50
100 88
24 91
24 70
64 28
20 71
53 95
93 70
30 27
73 45
6 74
35 50
32 89
89 42
20 31
59 10
52 72
53 66
53 35
71 12
25 90
61 59
13 14
67 51
96 90
34 18
90 82
21 72
92 81
57 78
34 65
69 68
86 13
65 56
32 64
78 98
9 64
71 61
4 25
42 35
29 24
81 1
51 32
47 58
5 74
49 65
90 14
79 42
30 5
63 10
36 48
43 55
83 33
22 63
42 50
88 11
65 60
25 35
45 74
91 99
98 55
82 67
76 90
14 46
96 6
60 56
75 50
48 32
29 72
21 57
49 86
65 84
17 77
16 86
36 18
80
1 50 100 50
86 89
82 88
2 11
46 52
75 46
32 25
59 45
88 52
15 46
74 86
36 89
37 59
29 86
24 43
7 80
49 96
39 59
89 81
2 32
33 30
17 31
77 40
53 85
52 48
21 11
55 29
68 6
1 10
18 9
16 40
59 32
48 6
23 20
14 53
69 65
62 89
19 1
30 48
1 35
68 7
27 82
69 80
45 27
50 33
73 83
73 57
57 82
49 27
49 81
2 8
48 93
76 41
87 56
100 2
31 20
75 7
1 97
55 68
44 5
80 40
29 91
66 71
87 35
64 90
5 77
91 60
54 27
26 32
74 83
36 40
62 91
29 75
33 1
70 31
18 97
40 29
36 42
10 5
49 70
10 6
27 31
75
50 50 50 50
87 82
90 10
53 36
77 12
86 85
36 54
74 85
78 65
32 100
100 89
72 71
14 86
15 34
91 71
26 84
14 30
39 57
51 95
17 86
38 93
63 80
38 41
25 68
57 52
62 9
24 1
40 73
73 64
12 58
22 32
90 47
77 15
87 36
96 61
49 29
3 1
37 78
5 3
17 96
79 17
42 67
23 7
17 70
35 69
86 37
7 83
6 93
25 86
9 24
33 42
9 100
75 47
100 77
47 49
34 15
83 12
13 92
83 62
19 22
16 67
100 31
10 86
83 100
63 28
62 27
7 58
57 67
38 89
29 8
56 27
72 95
14 81
14 23
91 39
74 52
91 75
75
50 50 50 50
52 59
4 3
13 85
61 16
77 40
32 68
50 93
65 25
61 85
92 99
6 18
67 52
89 90
85 76
44 75
19 47
83 63
74 60
98 95
55 67
47 38
79 30
6 86
66 22
39 90
36 36
12 1
89 4
48 9
42 24
56 75
43 90
62 11
36 97
78 81
59 64
61 31
73 35
6 79
80 16
29 17
81 8
96 15
89 54
18 93
28 20
15 18
75 75
86 61
13 12
67 43
82 38
96 25
2 4
30 13
69 6
9 45
57 53
38 82
5 55
67 62
25 91
100 54
36 47
85 85
48 14
15 40
40 88
24 1
34 78
3 38
84 11
4 74
63 53
72 86
16 62
72
50 50 50 50
45 34
56 21
75 67
83 97
7 32
48 29
23 92
20 84
78 72
34 92
38 87
80 81
59 71
52 27
43 88
51 99
10 80
38 43
95 79
42 100
88 40
83 20
78 19
72 45
74 72
72 93
20 63
20 3
89 48
2 45
75 28
77 96
12 28
30 63
9 29
34 88
70 1
22 19
2 69
73 24
91 2
12 57
95 62
79 89
67 21
27 98
38 15
79 63
92 43
86 46
56 47
14 56
69 21
46 40
47 15
46 41
37 39
90 50
14 45
53 94
26 40
1 2
78 22
45 67
52 65
8 92
17 66
63 9
82 78
29 90
69 9
71 1
43 58
79
45 45 55 55
27 100
86 51
59 36
29 58
66 5
45 87
2 64
10 12
75 5
65 93
52 11
24 88
99 72
8 59
28 87
53 42
57 45
79 38
44 53
57 49
28 35
76 40
91 73
40 40
30 88
84 35
80 72
76 20
34 88
48 56
94 87
53 96
9 34
25 37
54 95
86 89
88 48
63 62
78 75
40 43
9 1
44 37
35 13
74 30
26 17
24 85
45 71
46 19
72 77
98 12
79 40
4 66
1 2
31 3
84 93
62 98
75 16
64 28
62 64
68 11
57 97
74 57
50 21
21 78
54 42
86 49
74 28
28 19
48 74
77 85
16 17
47 5
16 84
11 85
9 35
25 15
40 16
96 96
76 21
40 72
100
45 45 55 55
89 56
19 37
57 55
25 89
57 35
44 39
36 5
51 33
32 4
6 33
6 57
28 44
9 78
52 31
96 66
85 11
28 40
12 16
37 10
6 97
64 46
81 52
89 65
22 14
33 60
80 20
21 70
53 80
83 85
100 34
98 55
24 27
80 24
47 10
83 99
2 75
77 10
24 74
30 92
89 29
95 16
61 39
63 29
33 54
73 12
74 28
48 92
93 73
10 82
64 2
37 85
98 71
51 39
6 91
45 22
70 98
53 43
74 51
11 21
28 24
79 68
53 76
19 50
77 23
65 98
35 7
31 100
27 24
73 45
18 3
4 31
49 38
42 15
45 5
24 43
21 32
95 32
25 24
99 17
87 56
27 80
3 54
52 4
82 93
98 22
92 11
41 35
89 54
65 94
17 28
94 35
35 35
9 66
30 66
34 51
45 86
49 22
7 11
34 39
40 78
51 67
71
45 45 55 55
95 75
43 55
51 66
95 66
22 71
18 43
19 24
37 47
6 27
27 27
75 55
91 3
75 24
67 10
38 96
53 5
81 18
32 75
64 1
32 92
94 81
69 97
26 63
17 79
40 92
82 26
88 85
73 31
100 37
87 74
15 83
5 88
87 32
16 52
75 13
12 61
41 42
64 2
16 16
15 24
24 29
34 7
89 64
15 22
3 56
33 17
88 23
40 64
19 47
59 71
15 23
68 24
3 28
75 93
59 20
93 57
49 15
30 17
78 90
14 87
75 85
53 35
72 27
43 46
69 28
75 34
64 96
18 62
41 16
19 16
13 12
48 88
1
30 30 60 60
97 95
41 46
1
30 30 60 60
40 11
58 53
1
30 30 60 60
88 58
32 31
1
30 30 60 60
51 25
45 39
1
30 30 60 60
53 49
40 6
1
30 30 60 60
15 27
52 31
1
30 30 60 60
47 54
93 42
1
30 30 60 60
32 32
74 7
1
30 30 60 60
12 74
31 48
1
30 30 60 60
33 52
98 96
1
10 10 10 10
10 9
11 10
1
16 16 20 20
15 14
21 14
1
16 16 20 20
13 18
18 13
1
16 16 20 20
21 21
20 20
1
16 16 20 20
20 16
21 15
1
53 44 53 100
51 43
51 47
100
100 1 100 1
1 1
100 100
1 2
100 99
2 1
99 100
1 3
100 98
2 2
99 99
3 1
98 100
1 4
100 97
2 3
99 98
3 2
98 99
4 1
97 100
1 5
100 96
2 4
99 97
3 3
98 98
4 2
97 99
5 1
96 100
1 6
100 95
2 5
99 96
3 4
98 97
4 3
97 98
5 2
96 99
6 1
95 100
1 7
100 94
2 6
99 95
3 5
98 96
4 4
97 97
5 3
96 98
6 2
95 99
7 1
94 100
1 8
100 93
2 7
99 94
3 6
98 95
4 5
97 96
5 4
96 97
6 3
95 98
7 2
94 99
8 1
93 100
1 9
100 92
2 8
99 93
3 7
98 94
4 6
97 95
5 5
96 96
6 4
95 97
7 3
94 98
8 2
93 99
9 1
92 100
1 10
100 91
2 9
99 92
3 8
98 93
4 7
97 94
5 6
96 95
6 5
100
7 12 7 12
95 42
68 22
43 97
5 34
32 67
98 32
75 43
18 38
90 100
62 76
49 84
34 2
83 38
61 89
57 56
59 49
48 54
67 53
22 70
66 34
6 56
86 100
56 6
61 7
76 76
59 12
25 93
26 66
84 23
59 89
5 87
49 63
71 91
7 66
85 38
19 60
29 68
58 12
63 80
75 52
43 73
31 12
11 36
20 53
19 84
25 59
89 47
3 52
11 78
43 14
89 57
23 6
15 23
74 93
75 4
61 56
55 19
12 75
96 25
31 2
86 99
90 72
23 84
97 81
85 83
72 9
35 88
47 4
79 25
12 90
22 65
2 67
66 21
21 45
60 39
38 59
39 76
28 42
50 6
69 91
79 90
84 52
49 49
28 83
56 23
86 3
71 25
52 64
14 72
50 85
74 38
25 39
39 38
33 63
80 90
95 50
30 77
84 30
53 13
6 72
39 96
100
1 50 100 50
97 25
88 25
10 91
76 97
55 47
30 50
37 23
83 35
2 42
57 53
35 59
42 19
94 2
71 56
50 34
67 41
46 55
24 85
12 13
22 46
88 49
36 28
63 32
39 16
81 14
26 42
47 90
99 90
50 91
5 36
67 74
5 35
5 87
82 62
38 12
19 96
52 21
1 85
23 52
21 22
2 45
76 19
48 25
48 49
19 23
100 19
54 77
57 36
64 83
63 97
92 61
17 45
60 60
55 55
46 14
82 51
28 14
30 55
59 34
65 31
33 14
78 40
70 89
10 64
63 88
9 53
14 4
74 57
41 19
77 78
3 20
75 39
70 84
16 13
89 70
27 44
57 35
51 92
89 6
7 57
37 74
98 61
51 33
27 54
65 97
92 87
18 48
88 48
92 47
39 34
60 81
79 73
73 55
54 14
18 16
85 70
15 44
56 21
17 12
41 40
15 69
100
72 1 83 100
88 30
11 100
54 41
52 77
93 39
45 76
79 72
94 49
41 54
91 92
29 49
44 57
91 45
25 9
65 46
22 46
44 85
81 83
66 10
55 29
42 97
95 51
79 22
81 60
3 47
47 35
26 92
61 43
83 84
87 95
9 29
86 21
49 31
24 19
96 21
98 23
16 79
44 63
71 70
20 58
40 18
17 54
78 95
8 92
28 84
80 13
17 19
46 93
1 87
27 1
84 1
7 61
98 4
5 77
74 69
25 46
6 18
98 2
82 30
68 61
86 60
14 52
47 97
26 28
97 8
92 4
67 14
64 93
44 14
88 83
84 35
88 26
99 38
60 60
95 14
31 90
52 73
25 87
58 78
62 64
48 37
12 81
5 84
82 86
32 27
19 63
7 97
11 39
3 8
38 79
33 97
52 91
57 86
53 43
25 18
12 3
21 28
95 1
91 46
43 14
9 57
100
1 1 100 100
43 25
77 78
51 39
57 17
89 83
45 7
77 18
84 79
56 89
91 23
17 68
68 15
18 46
92 94
61 82
65 94
51 1
36 69
68 23
42 95
12 66
6 16
81 87
5 73
37 67
32 19
86 7
44 20
77 47
40 31
68 68
70 22
27 96
100 88
54 24
51 9
51 35
38 8
98 37
49 1
41 77
58 75
39 22
74 9
85 82
69 21
49 93
34 27
18 4
16 17
55 12
74 5
68 96
74 69
75 52
72 71
53 8
40 86
74 23
31 75
67 19
89 28
86 42
36 55
22 94
49 42
14 1
19 65
75 66
63 42
23 82
75 67
5 88
55 67
69 52
39 26
32 99
41 74
90 81
58 41
1 18
24 96
70 74
53 60
94 87
84 5
57 7
79 61
24 1
7 95
52 74
96 1
94 3
18 32
16 63
49 57
67 64
35 55
47 1
42 62
64 1
100
100 100 100 100
64 33
82 9
7 19
87 75
41 82
94 18
8 36
82 100
71 88
52 94
40 80
52 40
37 66
61 12
94 7
24 34
27 28
2 92
61 4
18 13
45 79
92 27
24 73
35 4
20 26
77 9
54 67
47 61
53 72
84 75
30 46
80 84
43 28
96 57
39 59
47 49
49 85
10 62
25 93
56 25
93 53
83 41
8 32
97 89
72 5
26 22
89 39
100 10
96 91
11 84
89 1
21 14
38 80
33 89
96 14
27 45
73 75
66 52
42 19
50 89
5 11
75 26
30 56
77 68
31 43
51 10
55 66
68 65
6 1
9 17
83 80
77 30
6 79
32 71
34 75
35 82
87 62
91 10
13 72
94 84
75 94
48 99
9 18
59 42
65 48
32 75
6 69
68 59
48 69
11 69
50 97
38 62
47 21
68 1
4 69
54 99
22 78
35 42
68 36
81 56
53 53
0

