77923
344091
966077
229600
4832
714880
88560
842494
349504
848485
532855
72779
6940
939125
967647
9687
899962
9973
378127
9503
83
263479
29157
80997
5456
508178
754321
329154
784388
282255
17296
3142
348690
187165
805617
713
122439
30298
39693
13083
254021
164976
915243
275934
10852
254286
52470
7423
52400
842
286
15867
707854
892385
531034
130039
224350
370
573800
3463
59640
577301
440487
468247
23677
661461
395077
149366
373300
58613
409888
31506
668841
221815
67288
374660
535249
460815
105315
134261
11737
1314
562485
911569
84023
64752
567511
133042
171700
508081
49235
839055
717370
2929
125580
615460
567343
637887
778295
24338
148437
460791
694532
333375
310422
38448
520927
276
305418
563900
4003
19277
295240
9753
2251
372099
620490
35
182882
391456
38453
690845
2300
348349
41664
243275
823392
273819
6067
843251
936350
635639
91128
103221
657359
350220
217
412448
11658
5311
449662
20
38707
6863
6263
640103
266916
134209
2037
2217
895400
156849
1767
451651
21664
36913
146300
172291
4496
852014
181089
2973
5647
818805
530443
268
585276
139
41322
749175
109736
10
1742
429184
633682
105995
2024
1478
680
6022
65567
909416
176851
632911
17893
13244
944264
95947
11962
27
222695
12547
161580
923183
323769
239751
460235
917803
386088
953963
260130
0
