13 420876 7
13 420876 7
13 420876 7
13 420876 7
13 420876 7
13 420876 7
13 420876 7
13 420876 7
13 420876 7
13 420876 7
13 420876 7
0 862632 7
0 750843 7
1 0 1
1 0 1
1 631764 1
1 631764 1
1 631764 1
1 549945 1
1 9 5
4 495 1
5 6174 1
2 83952 4
8 420876 7
0 631764 1
0 6174 1
0 549945 1
0 495 1
1 495 1
1 631764 1
2 631764 1
4 631764 1
2 63954 4
1 862632 7
7 420876 7
9 420876 7
12 851742 7
12 420876 7
13 420876 7
13 420876 7
13 420876 7
13 420876 7
13 420876 7
13 420876 7
13 420876 7
13 420876 7
13 420876 7
13 420876 7
13 420876 7
13 420876 7
11 851742 7
11 851742 7
11 851742 7
11 851742 7
11 851742 7
11 851742 7
11 851742 7
6 74943 4
6 63954 4
3 750843 7
3 860832 7
3 840852 7
6 495 1
5 495 1
5 495 1
1 27 5
1 549945 1
1 549945 1
1 495 1
1 495 1
1 495 1
1 0 1
1 549945 1
