74 81
28 74
14 27
12 35
55 69
8 55
26 92
19 40
18 96
10 63
22 86
7 24
13 23
78 85
2 68
3 40
19 42
31 68
2 33
9 99
27 95
38 87
49 74
49 86
59 70
59 71
40 94
21 69
15 50
92 93
66 78
79 93
5 82
67 77
32 81
50 90
57 61
54 64
44 47
6 94
4 62
50 56
49 62
5 50
79 97
7 22
22 42
3 77
7 15
52 90
16 52
25 56
71 97
49 71
3 15
48 94
10 18
24 73
58 70
14 71
70 71
28 37
1 75
84 98
31 82
52 65
22 39
3 64
31 62
62 63
34 85
87 92
9 60
29 60
52 97
14 80
15 56
14 90
4 16
71 92
1 93
21 97
55 84
54 84
31 87
62 96
25 72
6 73
21 50
4 72
26 54
32 90
4 65
34 72
32 68
81 100
86 98
57 89
44 81
15 40
0 0
