81 8
140831690 259722560 139838564 14666701 79764071 34973649 282300979 47044416 65720334 20174658 103696192 39751040 115365329 55331116 201468698 78517742 38910680 140449668 101416457 121314583 188814744 50144903 76886538 85814979 15145513 14018169 104235857 186535009 60152099 38044228 74122373 102149168 127558149 24361865 230525351 47865168 16564414 131495180 152218911 20439719 21541016 77677382 1775182 7564226 85229922 48127032 90804673 9072374 60992459 36063739 34433984 188432722 63128567 101682966 113729435 8519925 76598627 99206712 5543457 138551955 172001079 227581446 33657329 53433403 44310159 266348148 108739741 79575095 55713138 314331202 40779449 142462894 134206102 153815354 79201556 175923225 151679246 54755817 98127957 226609721 89582291
38766702 90686787 60874573 47983054 6156489 2820849 42559276 61608733
79 10
234411113 160489985 170526543 399654470 118731301 282453886 78480176 235453201 108265706 184682722 363865328 132010968 170453385 344597968 49251963 137330243 20652045 39919405 51385675 22462290 129119371 26048486 149133100 281764565 178223735 204187356 151259183 26122970 300246969 147932275 158318706 39109030 8485214 180596228 41880027 20772946 139355504 137360992 120238860 78626496 104363267 139157246 109759708 132085452 9000838 112818092 13853057 63301857 153492538 133952445 395659263 82528121 19390052 62657968 451862830 124319948 310575405 62516684 56323555 262497205 86815321 56403360 146254001 217197651 240662059 15237139 293728892 184768 233359946 17493412 49868232 119024908 59094462 317180285 173371077 58773616 2356047 142113031 473365649
89079065 19267360 82100763 66468194 82952144 39825306 39933704 22582278 55619011 49558515
13 2
159601629 104437413 16179843 55164216 126875109 143054952 139271736 214765845 71710893 38984373 32726520 16546677 87890736
87890736 71710893
4 2
7602613 28529892 64662397 36132505
36132505 28529892
40 3
141848588 29135221 44935621 200119030 13765364 51977346 22842125 32871355 67777746 77806976 129784322 19105991 26578259 138112454 93176833 100649101 207591298 126048188 133520456 167247675 41199487 55713480 106942197 70334708 37463353 64041612 10029230 6293096 3736134 110678331 170983809 60305478 36607489 96912967 59449614 103206063 203855164 74070842 134376320 174719943
96912967 74070842 32871355
40 3
4216015 48079920 171026479 52295935 1817992 61183264 157923135 8887329 48659951 50477943 23808665 44443936 6034007 116332521 111661207 55149257 56967249 217288407 13103344 14921336 10705321 109843215 94921879 46261928 65399279 156105143 96739871 2398023 35556607 166810464 98557863 70070593 124764551 63581287 37374599 120548536 59365272 105627200 107445192 74286608
46261928 50477943 59365272
90 7
192762189 51481561 21118215 144855108 22041482 96176787 171831907 104425442 44857021 176942921 104818856 11360430 54300509 48270946 91829795 164602323 182297048 32516423 2587329 36418086 66896156 24083402 148082677 81453240 138649613 216634196 166477780 9753269 24077488 156672361 79106823 125267138 68169151 169012959 219861765 34382080 179104910 108029471 108517385 2718361 44090417 104170393 135742079 25952945 197144612 66766225 213743616 141860228 58736087 54555558 67289570 158547818 125660552 111024351 147239297 92084844 102943399 15487804 79194169 1111200 60254662 66641107 63822159 92478258 119143075 87737852 26423905 38764503 70988099 980168 138001150 53017090 113408540 9947945 72595260 89659310 46395489 139156004 116802572 126309015 33458813 96773335 69112642 154200826 146207220 159491309 58647501 109710011 55828553 35930348
33830757 10465141 65660939 37529286 95065587 51612828 4346992
13 2
79803206 9144377 77303683 52369241 15790065 27433965 61513618 95593271 45723553 18289588 113882859 34079653 43224030
61513618 34079653
61 4
125056382 57601715 4646944 138741129 201412325 74175476 282551739 62474890 23537699 160008657 9430415 143524600 6963938 139073962 141207606 971449990 27898633 136527 129507020 85786358 120272911 7053642 18664524 153044719 58024252 2270171 129839853 62385186 231913962 287335210 215429905 81002887 134380195 67168657 150774548 18331691 292118681 222347020 13970757 57934548 134290491 18754228 81139414 48367606 166925772 64851663 145991077 69635134 53151077 90236996 206195796 227130491 2603004 148308071 11837113 210646434 60068192 88103352 143947137 78869243 220213376
71905305 60204719 81139414 4783471
32 6
121580814 170206554 18404979 21799094 49196669 68173499 25410369 173662632 29356886 110997756 118494421 21893164 15162553 159161413 92021762 167955219 55923615 115038343 125130962 224912682 4673565 75362442 45246487 8620082 101744696 111857880 122043733 77827429 47038568 102203950 130530653 243360418
65751269 56957463 99781720 40666992 51618899 10583058
78 8
73416184 230484457 210940793 113737180 70351754 143501394 5976785 66838056 63933038 121051766 60980411 119128923 80641117 68312071 226690624 164072031 37083708 150285271 81860349 130534912 110307589 137082678 177746988 217724670 278380192 249146687 57385272 167024658 76770470 46566854 128818764 90922391 22891559 206430484 217359509 284798908 56459040 206980493 137791153 10054127 75531286 196258163 11642171 80730770 84503675 126703662 96997793 168774599 109746518 183822390 215609568 21141618 124459510 46975894 20507384 251261789 162355883 142970685 138980023 56587144 57020111 99854332 105914322 30754645 32814107 259717962 59264263 22532833 177196979 67764288 32414933 176507804 76283936 86618777 90213916 27443292 43233351 64929649
29233505 33537119 73858115 97233975 58108284 24292455 64527000 26643739
82 4
8097284 148490661 9125369 3762533 96573430 73282275 24084730 131268008 115280562 60263787 19500707 41556655 165962586 35516068 110696539 65626623 107976853 149975140 30932045 199172685 15193871 32416524 37794122 57294829 2305969 126683985 71695125 33210099 48403970 183185239 58779308 76251233 81614069 116765041 138115323 44276341 162200053 42791862 80585984 119864585 15987446 36972632 6862077 793575 107183278 47375885 91195832 63363331 186284783 104905224 189253741 76001961 153074684 49197545 154559163 164478107 20985186 25112815 220979361 222463840 54195285 105698799 113796083 13709392 187769262 41307383 89711353 73973179 93473886 77486440 132752487 74766754 17222653 129783529 40072176 37000547 98057909 95779855 91989407 12224913 255673939 163684532
72488700 56501254 33210099 34694578
40 3
104332771 12533847 73284562 167203823 89678587 250901895 28927872 83698072 16394025 3860178 81385414 62871052 142708946 2120337 5980515 253022232 85818409 240488385 8100852 75404899 56890537 234507870 148689461 165083486 326306794 79265077 87938746 175496996 161223308 18514362 179737670 93919261 67304047 91798924 154669976 159102971 10413510 69424384 177617333 102212434
91798924 85818409 73284562
28 8
75339175 199027705 157101666 57542467 165080171 170078651 363112491 213738729 211386771 119328378 156847377 350705458 174156616 32678500 157671618 48513445 112391071 57850107 129756640 20704889 268373015 404420611 211481663 73705462 5993865 55646442 350135506 18447823
56891352 56583712 74971857 15867029 10155351 91917842 91763997 43538317
82 5
48853200 25737564 162717112 76054953 142437324 23262982 63447790 49835313 186814861 322812296 8668392 28908142 252884579 49147892 2621928 116887144 52604587 5792506 90020121 3023232 26719677 67640519 6479927 236150137 192794751 212365041 32699567 32364837 201449489 41354305 69427680 29242872 75720223 139355397 282627488 89332700 136832202 252549849 182956862 165927728 110259871 125742920 92789395 55480473 61259325 92454665 140002780 282962218 122532304 69092950 98835859 142477362 147346 87144235 180187588 46664735 66904485 133375507 45977314 131187042 207094649 182622132 43208040 72884375 99170589 111282022 46959427 189003326 276334945 20092404 17657860 232644829 192460021 107825327 72549645 70075063 122867034 116239761 157071952 96647394 93190699 40332154
69927717 95812627 90167467 46812081 70262447
69 9
153651395 94759877 383030885 95098144 45662199 110209273 116786371 9911123 129281883 40106319 42179392 32285965 11970743 171695196 109980289 185897318 239295833 101765066 130656510 50250580 5590952 401300736 92886700 344426234 50267956 320667067 245505338 104073441 166484847 123263805 153407969 31980729 9673361 401318112 239307989 386097700 419587963 93203648 48521438 14016114 116985478 175721001 260725750 95408223 398102419 33301026 56968286 42157046 46242151 102151042 267004077 28304174 112204373 27954924 254362147 15037558 404367551 5249295 193990852 48980395 197641743 125717545 28654064 41589230 115762308 941294 115436098 95218834 33759983
18287227 15220412 79187534 18269851 59941317 15088910 98789394 58022092 18846560
77 7
68807192 79360103 11658574 119440847 120394183 93845036 87422192 204767189 133657977 92623897 105398813 34077654 332117798 138320178 226590327 84829611 81618189 103441327 22975561 78406767 172748534 47341448 8893781 109388475 1105663 153991371 46388112 51782794 259065063 151226578 33124318 80009161 4245543 42186503 65142973 160521687 68354395 125863691 38975081 245801269 141859927 165676632 19860524 190714476 111929129 101639322 213683927 218030983 25711287 38876394 106177053 124835529 144624720 103944168 174692057 6956426 119342160 64364733 141084971 187949683 1152423 17627639 247744792 62407247 15322793 180161565 122652269 16101033 1480750 131714454 71571985 206710712 52810956 2058999 160474927 18058519 132248560
86316529 12906400 73052735 41034080 69512986 89527951 53841793
13 2
74504205 212952090 35378968 113629442 24818443 99322648 14306794 63943680 60197411 134701616 173826853 138447885 39125237
99322648 39125237
36 8
182302868 141256469 16610797 173819553 60200759 52621273 21525951 53678709 8404187 65502296 135969595 192766251 3117313 57065030 212494361 28393652 114200705 1797841 76771110 123895230 58718842 124916601 21717775 165710487 321237 18651577 158153545 185438597 147327284 196526213 174383048 201938066 117960 262460062 108382403 5497746
16467402 55142210 60521996 16728757 58141563 65437150 58659009 29865871
40 3
100162859 172686168 122254486 93894318 72523309 176163068 3476900 196848818 6268541 76000209 73208568 149208777 79477109 69731668 126431891 218940445 47640041 46254277 96685959 26954291 102954500 145731877 2791641 142940236 66940027 49045918 120848609 23477391 123640250 29745932 50431682 245894736 199640459 20685750 25568527 169894527 24162650 99477600 52522818 272849027
96685959 76000209 73208568
46 4
64101221 54534164 16345277 60340603 52488343 11769054 26419833 36109185 86409113 20613394 44459608 15837778 26234022 100874081 8194247 104634699 22151716 124906106 40069196 128666724 341987 16037171 40377302 48220226 30180451 92523658 50266047 68491633 11954865 44645419 74298072 34262757 92215552 58294782 29994640 82326807 96791775 68183527 72252251 12077160 899594813 72759750 7686748 78566189 3926130 17883599
56414473 24032025 18225586 52146356
10 2
74780912 168455550 18893726 77345410 171020048 1282249 92392389 16329228 169737799 93674638
93674638 76063161
28 7
136813983 383615357 43581771 43488051 259861725 50044737 128308798 33334943 45324877 273295431 77285308 109573412 119908084 49744161 110988845 163978673 12332969 15946904 37754227 202805624 190216327 304620365 230046195 59158543 16323361 97155179 45229694 194300439
93232212 59528675 41401910 54405261 24589731 90151017 97824349
65 5
50705939 285595573 148099122 124544095 188202390 189837055 31366219 48939147 110345539 31983457 127124737 140811097 26330097 248150609 69428421 52340604 67661629 266873091 64083680 43417914 48762655 47304482 31674838 189324859 144212554 109531689 45052579 106767590 125490072 201580131 208047341 159533579 63775061 62140396 14895640 105821613 122088615 6078745 226769823 2192177 185438291 46995863 127433356 110654158 11009072 14587021 3314646 28273381 125975183 80862878 129376640 89679773 112288823 1371362 206104057 33618122 84749446 142754381 129068021 163420147 93566341 65541853 48454036 131011305 206924872
95758518 78670701 18722482 1943284 60769034
64 9
107180837 127425921 8857427 135351932 86078440 71183701 134458219 97475026 133821076 11914533 8917816 113575992 19253817 18188029 123491685 50948505 81880766 79683285 7140105 120504856 150946192 112443761 55519884 96414441 110768761 173976022 114213135 77056375 24512076 139489217 49047842 201815491 23077248 2522661 86018051 95356990 3579574 107554542 63366450 120736506 27135314 139549606 49841317 44553350 44613739 23450953 17055798 78196405 10818479 30393918 9895284 148828156 126208466 48751024 173284477 75111906 4423324 183731711 165914927 17712535 53099921 119813311 16418655 103496476
35992741 16634675 42308451 53844871 54108309 10239520 20065013 637143 65315895
13 2
159419817 62846957 6319183 100693532 52407102 10439855 41967247 48286430 4120672 54605613 58726285 107012715 111133387
48286430 52407102
99 9
321244929 66953897 114821749 15558232 30721025 172396429 44717194 7133512 7362589 103966478 13918356 250744597 180698629 11412000 18389892 94918670 430189611 169944624 91900928 84970151 243602342 68732123 234729203 327618139 153456590 150677869 86798213 13517247 95437960 76967212 869427 152435263 149993751 138322236 233916281 73719400 4516879 227586948 329200558 25102456 137968558 320074775 106349719 61400237 89356575 17960201 413301282 346276822 40881022 22248995 170119745 78919745 316361759 65710832 254457613 44775465 394727526 23721814 46265883 313185164 127757048 172561257 31730382 189389573 327703066 56663024 53867834 4753030 86963041 311687672 244286460 31577175 317769057 15082067 68334539 12398106 262176098 235646713 122365113 95512724 79583845 70583477 151545989 56199892 170898937 124981746 23090635 51951450 169260506 161304877 102060925 161075010 52672823 75593644 310626802 346088887 264799353 237144205 791936
54037648 85598216 76958469 74341836 67024460 38794824 27453517 41519927 59699648
99 7
175717141 242897933 65529704 70885474 102935396 93430305 139477149 41638812 86016880 244955588 232660000 24720296 88827336 185163736 168832154 208187158 261486567 139595483 17694408 34225387 34343721 93289404 124475387 91760187 17306871 14355514 19234882 198541166 201894112 139175388 775892 164068325 134713320 28073242 278545984 156008128 30886493 197011949 87944891 278017546 137646171 25107833 238015770 244427150 80531466 24579395 170361371 58589886 126879800 132764008 214718138 185363133 27732944 12930579 295076963 89355774 110348821 104475870 156654900 19223625 181127742 11542263 39722058 250720196 72296357 2703903 254073142 65109609 63580392 247780096 29989996 132984706 93817842 10813086 127408238 79911974 50756366 75875980 231249117 70465379 70993817 34366288 232131562 87524796 102547859 145468434 29461558 16424426 109466376 32955405 122946170 75347542 306725779 173185879 180599304 54354495 22576571 123064504 139703826
16530979 68710009 33590396 99146856 41003821 63827846 31166024
90 7
2729370 224432480 79272464 30290321 250409951 186531229 50379487 267875148 183491408 197325550 21486510 220225031 48798490 98641090 100590948 71673515 53863913 43997665 330461927 23842194 18589114 348066479 132356865 197120500 4080251 236109231 151256430 45289608 82781346 365736726 112941810 151725491 52165534 232600349 38888472 47482091 14406121 271384030 120438051 173522452 5213984 24995392 422330009 226606853 99258922 55879466 89138712 58298385 25200442 124848067 238528150 21691560 133446828 148216609 135865747 53888369 41986386 55674416 284392807 136750050 187000290 112267699 76992900 46870605 139847964 10279407 231510386 97082066 210129277 324468431 226013477 93573184 10897239 50355031 56372983 27480006 84073289 122856970 157044876 235019268 116450692 16890735 45554206 295187128 346343644 43973209 17977628 38678280 226218527 15080232
97861578 74263530 3508882 35274799 53084401 68968601 41473955
49 8
37549959 87451961 209098974 68039829 128847551 192903099 78115693 277005193 98374945 30604319 33186410 18773890 50929989 219013316 110133569 251033626 178761961 220929403 258291211 72771761 120626978 136958544 210574742 117801284 132081072 32147030 286798149 27774267 181208361 77815521 49782697 190080364 97227653 249362639 166931532 81353441 216197471 133596747 180440363 46800194 114545120 194957836 19670689 158052639 105345166 121902009 138640507 260148170 270059651
60824986 60960677 92852711 44629111 82633741 25971567 94328479 13227075
93 6
261298780 241779361 12310691 393896159 127210225 97561298 146192955 161364587 172964356 40653818 93602926 86338617 204014212 207049386 184494793 8870701 66532357 57249902 54555500 113409186 184117705 114157382 100508156 34119696 61837818 172895024 202729327 32000907 70490729 73437587 163681901 36437010 134593186 2351980 304576018 17167439 85215941 74452007 5675926 229802504 48036779 95174652 290926792 104080019 133844990 88908387 336611591 230179592 9993377 28767208 20847558 149764818 68849671 23164872 279327023 36318358 90031063 135486048 86051776 382296390 138809994 56333517 16153019 41402014 106397333 129329014 72044446 218649155 185240381 47291191 80072352 117997102 61089622 145444759 39760956 348211360 314534729 88609219 179529789 14868134 9247789 209366700 145893787 11565103 51608642 143246097 325011822 131736575 105202695 115679788 31084522 152082132 127955813
11599769 77720372 95209318 57284568 76058399 84355137
42 10
146743689 95960975 14116374 141068211 25970870 63450903 109523974 76680452 48938345 12855643 60065230 79755647 76652220 17792246 83731657 146900433 140513255 49889003 232391335 55138967 104460365 60075570 110795507 45049821 102348554 16795561 47873733 50356199 122038971 75506960 120858981 117790284 140768351 131123045 76932639 19120232 53677651 79033427 25487763 139496717 23004067 143563512
62564078 42592093 4066795 58688302 23331217 60243695 5104935 33785591 44811667 57973056
88 7
144400662 93394325 96174060 92003103 65181747 7659668 34203378 74343625 12868900 66883933 68127612 110117588 107152349 30723595 46259216 50893323 14026742 62712976 62467236 16969089 167426900 135280263 32854488 32501192 29021409 64027423 100274249 217538655 104603285 12331464 8160507 95237146 15620199 49735481 71518040 47947458 181912235 43786927 80641957 12548874 124386638 113408349 82416036 59610726 174305000 25981932 150192611 73610972 144863812 179879539 24425263 157070711 140229705 131993873 99653843 85361901 64647829 13489306 127629523 24572806 3318621 154609308 74491168 122995416 78939771 16965571 22540110 178939107 109237392 35891620 153668876 93705289 20008566 10632796 184661189 143312687 146285815 49649644 35357702 71332536 46255698 63407668 118042456 15266903 32415355 129961177 58078869 85276064
30992313 17234289 35626420 82150836 49960694 24690463 23385078
43 8
27505944 73673933 125952370 12993428 108846375 23288045 413757695 66276414 69992281 152229640 401013310 1404840 68117794 86418318 209914076 249043 61372447 18085696 16023712 73708148 89891501 59089276 90863552 55726395 278705709 60614471 201106162 27207341 12495342 192536434 88872032 68470780 27114214 139198204 5231009 1515142 39951726 56024998 8591978 39598740 99985418 57899264 67248465
57684436 61366088 12744385 65081955 54399554 95773878 65192257 78141417
28 4
215622314 109495897 34259956 97657398 127101493 164730929 79886197 35446147 151181355 78842680 83704960 155122138 71866461 99887106 31627384 218254886 74499033 266513699 93313751 22018593 212989742 145916211 148548783 261248555 24651165 81475252 102519678 106863325
2632572 57867604 67073531 48258813
29 7
38970956 105729259 237771170 1401999 4066290 116734674 43786531 35595310 108447353 278127732 88765351 129121913 105219288 132849886 87871066 120462647 120834592 161191154 118860917 76378112 12215025 11717290 171506445 148803915 75855772 31771237 249786464 31867337 73150047
64660822 32069241 22772041 30467511 12015294 57674534 28341268
50 9
51657595 207942915 110978123 223844885 58481365 79325132 201807585 95417616 31056823 74729682 279617142 30338952 203347465 108323154 79008216 95968809 93740489 130111074 225384765 48202287 73954703 62071459 106382673 219249435 78550153 82488577 35652273 156274547 290031006 171724691 117936033 197529051 151996013 234258749 137913277 229980215 43606837 129215148 116385927 197212135 98335939 192105351 54726133 212221449 229663299 103727704 11011229 196700801 126799791 207625999
10413864 77984202 4278534 47153220 67395693 11018650 92883137 91526418 51238367
12 2
159568934 115069453 406716398 12633395 57132876 108350905 70569972 63851424 31866086 51218029 6718548 95717510
51218029 44499481
13 2
45204213 61690105 89386864 97629810 8242946 133569515 27696759 53447159 35939705 81143918 44182651 125326569 117083623
8242946 89386864
65 6
27236163 63034527 234411695 91387444 141780931 72359586 162673319 26448965 76906214 72402629 41866483 22838625 120291673 1243320 53374771 182752109 108229558 30080024 219930465 157517148 44836910 23668866 169812634 113152358 76757124 152970520 184293864 3853810 35177154 103449559 9946269 134772903 140908405 200949726 95103831 9797179 85251942 41269613 60064100 104279800 57772309 58708597 94954741 220689098 8251348 4641008 123583314 144475702 37638554 184890734 40930195 126427175 11882407 173104275 202491481 90557203 39574692 19440937 97590471 13513566 109585061 73465483 238128082 75969926 23944522
96347151 18197617 80610934 49520961 25831831 60871562
94 7
23128473 38005708 33399419 30866233 51030819 52357181 80884008 26215627 100593911 55586598 132661169 38586645 56693297 33978177 19267609 112097708 66879858 134337576 111887171 122908750 25561534 48729931 121312465 102544754 42561487 11031891 83488944 20827585 3765222 205163581 52981662 17591202 160732271 249008751 85617957 35294818 5851631 188690061 57715611 7447916 35655626 180664285 86589761 64929015 92177268 197769252 89782869 35876695 43766905 134074350 663363 65054496 96733047 87295406 12261987 220219657 217479155 69008871 17316766 32900419 75296501 71613807 285327740 49120798 265617837 32647278 46779088 53463880 67185222 138863743 24001558 78478482 47169955 170393339 4347099 107005309 28166470 50451697 102807980 17442247 81981293 707680 47876373 51959348 1117682 38977512 60320547 236693177 118300282 73564650 68439834 42159493 33524900 3900788
36318989 19709903 42878300 47612249 85882081 8236760 81717169
81 4
170421531 160141687 4971129 102208147 39367332 12514760 123009271 56784155 236239995 82556408 90100039 71127179 141575479 79820195 27938103 37880361 127232455 199107579 48739227 139340563 88613068 87865123 92836252 121522300 81069437 98386403 69298915 20801124 747945 72276564 125745484 38217947 78333224 52962411 55703836 77585279 45423992 35144148 203330763 107179276 140088508 49647176 155918503 116952611 43189076 3315235 46504311 19314153 13595079 15829995 53710356 166198347 59019071 174484711 89693387 74270044 32161287 24622868 62503229 108259595 193050919 106431331 217673787 133289115 31080968 61755284 8286364 32909232 158654716 108666247 2234916 43937021 21881443 184764555 151855323 75350363 18566208 63990200 15250973 65070519 48160205
77585279 43189076 18566208 32909232
22 7
116512158 67295767 268626360 127334867 81958482 56473058 145946496 22652539 252181593 130562146 110030422 7517346 90352070 102434992 76400114 12918736 33475248 16950479 21312324 59700337 24545909 73907303
10822709 69039746 85484513 10218041 62558010 64715447 62893384
56 9
102285038 243538735 90647714 248080483 45737609 163426127 48995435 20010566 100067363 15248010 257045219 144171222 151606601 163269132 137389172 185893030 72716604 71549804 31006583 153727173 68174856 251419820 145256511 32805456 267178393 163272975 32960246 129443125 261551356 63750230 69376394 41314044 139574661 134629263 145495017 49871789 170172950 188326999 214474286 190611889 117833476 209709799 181953899 856845 3931411 80969453 204990940 151580901 60411954 170760322 912656 11908673 242453446 170513814 201051809 97733763
8966374 99757408 81744787 71859759 61726585 38058875 3560638 51292733 56541361
96 9
77131094 70721374 226073953 84319115 140514557 68124832 146813243 24853803 179055562 7069234 116615983 57762700 38022623 332448155 20666975 53464135 59661278 183656286 98687431 64303097 97555109 37068791 99017773 56841817 25516566 55442106 98096890 8530681 47700817 43883143 171154044 133883703 7484153 67960788 224467306 133260213 17598608 52397443 208899735 10698317 46535546 9693275 163901759 106002223 33161953 77028715 151633528 91943475 109249754 92628630 20278783 47536773 105838179 162690490 60042830 48324307 63134011 101237455 106663160 12373450 193873817 142401213 66292132 38502739 135974281 2528958 132094942 53115458 112429155 30117290 97932846 25037059 62033082 38120351 99259484 150422259 6384079 23526314 14520052 71039344 180888956 96931619 88088354 153684228 72501064 191561619 149083504 40476745 26869759 14293999 150504827 183114505 138907910 221533677 37456211 103288155
29972058 45795349 50396073 41255073 7905333 42861720 96302456 14269055 24340801
42 10
12783618 173103938 107132351 12459885 23781406 60778384 170184109 299744650 174045444 22572561 135014318 180283349 92104660 108513731 146951050 178942542 43143977 171393106 72135077 271262139 176422014 150668546 161557317 105997391 157071175 131540614 182803877 51051612 263502332 129597196 76805080 267363667 66082271 168188923 256655872 122945175 193073521 31329756 216100404 69943606 214156986 74021721
3861335 14606267 84911278 65395715 36656996 69363653 40114976 81068635 90324404 26599773
40 3
41352837 27494771 173236924 44793763 3440926 31454740 20739918 20612919 214589761 55210903 90106569 128443161 52194658 34895666 207707909 13858066 93547495 96988421 114160414 125002235 138341258 166355072 55635584 169795998 211148835 131459406 121042266 48753732 76248503 24053845 58651829 38336592 131884087 134900332 72807577 117601340 79689429 37911911 62092755 17298992
41352837 76248503 93547495
40 4
67895395 123282026 5123726 57775015 37407183 28099828 25364486 75627391 52651289 78015775 95995223 128278680 148646512 143522786 17979448 53464314 27286803 43343934 80751117 62771669 118158300 158766892 33223554 47527563 106115603 138526132 133402406 10120380 22976102 38220208 108037920 42530909 55386631 15244106 90871497 85874843 2735342 12855722 70630737 65507011
52651289 15244106 80751117 10120380
45 5
33682931 29468448 68199790 88870945 13449550 56143225 126076742 154839125 137881157 148187854 41652876 706065 127264549 166895690 90663088 176612499 168435683 144870166 119425471 92747690 37438393 97314359 70415259 225960449 48304147 130039075 21629370 28280641 44089664 58230831 9572805 21626366 105491175 95774366 66759833 2921534 95522216 31598329 17749621 179387025 201160399 166643540 197198066 19541764 77066530
49347950 28762383 34516859 77772595 59064759
43 6
167278973 81867120 159194166 107490537 57124544 30767288 159382058 99390050 46698960 73913635 71302334 22959525 113683482 37725432 13978197 82470917 31648129 57140224 28287309 28271629 55387564 21279115 14109519 53895046 22078684 4547874 82658809 167882770 13122058 45810239 116179141 4433454 73782313 99521372 49055417 184801903 168070662 142536397 11629540 65225031 29967719 46813380 73970205
8084807 85411853 67873243 42265506 43945916 60791577
19 6
113620577 28255066 244631627 191845279 81610892 192147604 73884155 87227403 100277329 54640015 179154526 48143476 159266116 159192818 218238453 67387616 61136554 185651065 60834229
93752366 26393174 6496539 39075702 58980562 84135313
53 5
52111082 69724668 102193044 105921388 236972198 73565901 69611779 84516243 84629132 148777210 106034277 18583209 138439438 202750079 5526916 238996473 215517379 108689583 142393560 12023455 84579458 109812295 87121875 303081336 41836525 106083951 45614543 133922420 50988370 76221207 78019704 48333064 78082919 22311553 9368149 176615679 206478423 108576694 116984619 20318491 54829603 142330345 45727432 142217456 11910566 142280671 44491831 181295260 41773310 91075997 50875481 59283406 172887335
57701213 36246394 96602913 64197752 27838469
10 3
88834658 153892118 160686839 27982582 90937350 45972291 72947641 135902409 34777303 16982477
62954768 44965059 71852181
59 6
136969316 182941972 155167989 50785349 43790906 116713595 111464325 216598115 2481881 53762802 39191102 229895106 216012476 22437471 53477294 110245536 61942068 210064 133106093 148339057 202311923 9473499 104758215 25865997 28843450 130414148 125478500 9773630 180250027 31535395 21851832 27924792 37670435 218704421 23174052 67463355 40362380 12165444 278198574 79838863 122683124 89402429 33807212 250615391 77146918 55869108 36499157 170986592 199334470 196642525 45821587 168294647 72847245 152476044 28557942 238074372 70155300 135798038 34978490
2691945 63536432 82320744 19369951 48303468 40124202
15 8
71569526 24511753 115702163 15180143 109481983 106370553 48029524 27576217 66231367 19667850 57361134 118813593 66725623 206939539 76057233
69076031 78554024 48484312 81333693 11770001 13321963 67152856 19879228
13 2
150799362 100160169 69258241 21592404 9309524 169418410 90850645 78567765 12282880 59948717 81541121 160108886 30901928
69258241 9309524
14 5
128818315 271346609 140947835 45305738 16542239 191021113 256030008 66615517 14090963 55070538 51298916 306103286 131624412 181697690
62202798 15316601 74102598 88465075 71612777
55 4
36697350 135900129 3298072 95937221 43228466 3265558 84817527 9190408 44854619 117294460 7854136 94343582 54380674 32141286 88451246 40331069 87779952 35103711 77331552 131376579 120256885 4891711 51418249 80261463 91381157 171339487 80293977 58936738 47817044 55974313 46190891 6227983 138862554 134306490 29178861 83223888 128414154 43293494 142496273 40298555 139533848 37368644 46223405 43260980 98899646 335647 33734925 49153316 168377062 6260497 131344065 219459664 179496756 91413671 47784530
39962908 51082602 88115599 2962425
79 5
14293737 30090365 17429818 119964166 102959231 97421264 109707957 42780953 65560911 33463502 1603149 160975131 68696992 91853256 81220741 125365335 77847604 45747743 30327421 91883297 27925535 88510160 152064027 113454948 100794401 65323855 39001469 152061575 85137023 167721405 81357539 97254425 109538666 49497186 94048127 145315301 36836639 60022944 10920600 37073695 10514253 116828085 158810301 26340922 56412751 56243460 40586082 113217892 42611662 58438331 100627562 88103813 61950718 104000699 120201222 116591029 20939753 24926252 155437164 21179261 47332356 148688438 84730676 215615442 17666874 68934048 135861052 120203674 53276670 132487915 21176809 62187774 33700558 129114778 212242305 218988579 49527227 10683544 4976286
31860353 99024413 51267174 3373137 42356070
62 7
92876780 104199960 60854332 30234091 80433007 15375263 5239374 56368139 28942920 27135908 76713474 197577728 46927157 25941190 41757990 67198935 187616042 327474304 117434032 45813248 42176992 90183016 106893724 210407381 59061903 57685826 24442144 120127796 154803295 46232250 54940477 210811800 39064226 31426636 141622437 122110640 24555706 32998178 39965561 52312881 29829672 20386886 87700929 96932038 10250997 43134067 163342220 123778635 64172505 154398876 14473031 90965888 3834641 125375599 97783604 107919493 70990221 43119484 39078809 220947689 93667079 61741084
93948963 13234072 2693764 90684004 10135889 25108279 35190954
64 6
16383603 6054221 25238070 159072289 69612527 217983194 32150870 15640169 100904818 48976623 79198475 209152633 27503469 170935589 16395556 68857140 91318870 100137478 75306461 53857213 53113779 62699727 107074184 6042268 22564922 116648179 68869093 91306917 86438280 74563027 25226117 303235890 31395483 64977079 21821488 154109836 32138917 27527375 170947542 100149431 84148975 112024684 159084242 69600574 37101370 64989032 20287570 31407436 53101826 62687774 147952423 86450233 123899937 15652122 110490766 27515422 38635288 110478813 21809535 100161384 20275617 217995147 60026579 48988576
37461657 47047605 11953 58922858 85252696 74563027
67 10
105062488 126324711 198038091 26770092 61319857 41607417 97110794 270752563 84293841 263796342 116257207 144149917 11932767 75790977 62321270 18923850 91046677 47466301 15203606 10540962 76131620 267407195 200712049 163761149 66168156 83275217 295117890 26024357 255365863 150231620 57712730 155931507 98204569 77454771 318771728 2876910 79044227 72166647 47125658 73966117 66159546 189852838 228319766 7506285 394009841 230724151 195672821 171860612 12235756 193871026 70613748 11229324 130763563 194081412 180970008 24390272 117395548 197223395 3067433 136610041 37372028 137523848 135190045 240652826 200098755 156352082 168928835
53242797 45779963 40871313 84185435 41581311 37307021 72358351 59695367 16750378 86228967
17 4
61578734 111036460 63484579 120816890 23363336 15976350 11677061 15194793 28444182 168368771 30793974 160938133 19107699 195978530 26538337 153507495 70915217
90022916 7430638 46770324 42471035
94 4
26512719 106149047 153533113 65173835 10596833 111286304 61577367 21263388 109544107 7260720 70692358 74367385 77762445 58372940 33582806 17397728 88560686 153723746 173054304 114681364 65443027 38851749 51171167 116804827 55036827 108081877 30378379 28445549 79695275 113219134 829081039 196441155 67297298 30187746 136135385 53103997 109353474 176919964 74558018 24658448 75829615 104216217 19521191 47776107 28254916 157398773 60305770 63700830 8924358 194508325 91955746 134202555 118547024 116614194 45843277 152261516 17588361 155656576 49708937 6991528 118737657 65364468 40784579 192575495 157589406 138068215 22916251 155465943 21454021 72434555 99216466 111476937 97283636 12529663 90022916 69230128 19330558 70501725 10857188 26322086 86627856 69039495 150328686 95350806 67106665 174987134 8664003 36918919 1932830 93888576 35515636 114871997 84695026 26781911
19521191 38851749 1932830 44179639
15 6
201803580 174336958 15615384 210662627 165477911 53597734 5415290 138011289 67427837 60621596 97125769 69480643 144639026 145035151 41740959
8859047 93860516 36325669 56768429 27645126 14848966
13 4
96802113 27743664 85167214 57611651 227005154 87479638 15882084 82592449 111781852 6559609 66934126 45750071 48289176
73493735 34303273 64171260 2574765
37 9
96207059 40165464 223708954 186338940 98968210 84669488 62357436 80386251 18822354 124129267 168069462 12240246 93445908 108582077 85964217 25299903 77625100 37404313 135840583 39980392 35954304 53416280 88786440 6717944 50253026 85010056 231126563 94757050 116100160 183577789 243504591 63377637 122682268 34643162 9479095 37130695 22538752
86727964 2761151 74623554 58802746 22556788 49622559 80538950 66254942 67461257
65 7
92402478 129119306 68871093 260346661 97992879 161747332 145302904 60248427 121410904 151343760 84140427 85333998 71564663 312773112 177016666 274085753 219134428 54207571 78099571 67946663 137267997 79274665 315952423 174875145 180465546 70064664 1667760 12408003 35489357 11381979 188614237 229443117 107221781 164134902 38938237 79611336 2861331 108619762 282132426 70538639 32907547 11483997 151007089 353864850 175823095 203770211 28265096 246607569 132037787 167761 205719092 152537331 1193785 57386882 30676186 244219999 283098853 96650234 113148853 83803756 13601574 202353329 65535573 145776879 233479756
82472667 96211759 67203333 95737784 52426451 61539332 93518189
40 3
20534464 87359531 11019063 43296796 65334922 1503662 52812197 84352207 20520947 128401425 21272187 128414942 95371270 106390333 53564619 117395879 65321405 96874932 139420488 43310313 106376816 22024609 32291250 118899541 63831260 11005546 150439551 9515401 74850323 31540010 74836806 64583682 85855869 107880478 76340468 42545556 42559073 33043672 96861415 54315859
85855869 22024609 31540010
40 3
11461106 25932746 89636689 52425716 27535246 117354814 14471640 63886822 169597651 119140193 37393852 63703943 1785379 130418420 128815920 197315776 79960962 50457458 40964610 78175583 141879526 130601299 91422068 52242837 13246485 24707591 27718125 220237988 66714477 142062405 181058757 40781731 50640337 118957314 105893708 158136545 102883174 208776882 39179231 38996352
11461106 39179231 78175583
4 2
165048450 77475334 10097782 87573116
77475334 87573116
19 6
91231021 29224478 121635933 35641565 28823069 114817437 90073286 17343795 24162291 32754793 74851338 67605621 17532845 51264922 25936297 98049517 76009073 59629390 36042974
6818496 57318493 15221948 99013629 5739637 52925641
40 3
61519974 90665347 52049584 217703600 99149366 89678976 30131744 23890582 187571856 8484019 986371 38615763 36372906 96906509 7227533 22904211 149942464 127038253 21917840 37629392 119810720 67761136 91651718 129281110 157440112 53035955 120797091 68747507 66774765 188558227 60533603 59277117 31388230 29145373 159412854 6241162 158426483 97892880 128294739 82181328
90665347 30131744 67761136
88 4
94775257 171446697 126079530 48246982 80712363 127627370 140142424 66328811 33454710 107268323 46312410 44980435 172049294 78821877 61298559 42487352 13438309 235304413 31928858 2879815 26898606 142076996 78219280 945243 109761406 125156275 31326261 250290562 32874101 92282174 91679577 76693428 79789108 218361704 17865964 189937246 18468561 61901156 63233131 204923395 78241268 15931392 11912457 75361453 111093381 105742471 141474399 58827464 172994537 174542377 15008137 96709829 63835728 185509591 157063145 3482412 46915007 96107232 1547840 120728620 106665726 126682127 135714769 14040906 77296025 65726214 155128573 1934572 159556228 170523442 81314960 60353316 50740065 90347602 144570079 16533989 51342662 32852113 48849579 41884755 29994286 156460548 4427655 153580733 60375304 12515054 27501203 111695978
93227417 45367167 14986149 64780971
19 9
120543321 13748466 71356913 89639236 140808481 193702355 12441046 144515947 135321495 150221769 91622073 97327895 80225948 74330999 74738962 36745362 86135087 93838959 102561081
60582533 81431039 26446937 60615659 60339388 35991925 21740293 66929136 24593204
54 4
108061480 64824241 114850118 33060610 235802063 140831917 239723574 26271972 146613749 283814328 91812846 77151364 162862383 15958461 11030144 5491659 135293432 147620555 23357267 31200289 119381797 158940872 3631338 184922671 82079681 157934066 20733487 155019361 66837853 272494011 110928607 142692238 126170435 54510730 49582413 316584765 152152234 60049215 251043891 170261189 203031626 38599095 109921801 65831047 191711309 27278778 21740293 71369532 130365115 16811976 98601484 104139969 223474940 14951655
32770437 80782702 44090754 93109825
52 7
45175293 90240426 26393310 125450495 26523602 44916272 28201819 128633562 58998087 147239559 227560455 52086690 150020837 189167319 150774183 51716998 45129599 137223176 104063220 3279920 97391223 24667195 111627701 71828135 247269513 137870141 97151823 87057359 178721298 60436904 154150956 115004474 118539098 20002696 64916738 98830040 40346396 272593201 88384019 279504598 35113216 80145962 135544959 33434999 63813677 208876377 21290422 215787774 201586965 140328162 73234565 220649058
90337279 6911397 38393136 62676821 45423237 87720689 76384193
90 4
187927997 4414941 22034090 30523173 131315339 83883146 158725762 72910869 18229958 152989883 80079014 86977149 57774914 35489561 125719395 123787648 119983516 10972277 80438560 113085381 64691796 118821260 2483194 191022000 96517160 54680911 11331823 182192118 99629910 21674544 37421308 33006367 27881297 8219073 27410423 47072647 43978644 66623543 70427675 135730280 165623897 102723913 139534412 110332177 47432193 3804132 154921630 1320938 186607059 92713028 56612658 219613426 90781281 36100370 23606291 60887664 31685429 6898135 52808526 62208602 39904502 98308972 63510793 257034734 150506689 149185751 194826132 89619025 198630264 50876779 116179384 153600692 85814893 60416790 51236325 121915263 24787294 129523527 14776409 65302605 69106737 224028367 17870412 121304454 93894031 227832499 33617176 41225440 161819765 14425826
69106737 33006367 29202235 88298087
43 9
295889923 18248517 78700003 236358168 348119673 91621019 166552188 133515378 107799323 13786931 159944291 114068096 131447477 199770749 334433673 157163532 225486804 227566651 285978067 43964572 303421521 154286908 45744824 6442649 189595785 65904964 85204010 68695218 86571789 147023275 371744793 217654795 153527282 266110401 14305847 258535304 120720339 235839252 168034896 475313606 335965356 416442945 52397067
25716055 88786729 82682650 46243467 91552390 52703975 49619899 99710171 79535967
40 3
200967965 160180913 28214409 8914961 191822875 28444538 12572643 110018642 41017181 122591285 49932142 103291837 110248771 37359499 131736375 101103681 81804233 9145090 3427553 172523427 60316629 78376680 60086500 90949323 31872091 90719194 19299448 53359695 151035823 21487604 141890733 119163732 72659143 69231590 62504785 159950784 40787052 21717733 78146551 241755017
49932142 69231590 40787052
73 5
24261023 11019250 172464078 181202262 121634368 53683115 58712061 116350775 144247456 32532393 109541771 174818724 125663547 16048196 116605422 79545091 144822044 4210246 184131496 46299523 38661284 42590285 121209189 46619464 51903057 51328469 151631048 130480326 64628785 107292650 86354095 210098997 60174427 108967183 97129233 34206926 149276402 1706478 46044876 141467631 132154859 54257703 118279955 135509272 179273082 81899737 11593838 147176690 87816461 74516145 76870791 167435132 160943820 24894154 69487199 8664604 6564892 14373663 104512825 211773530 42015697 81325149 204389938 117180010 46874111 16622784 88708741 171889490 153305581 13523018 148851223 78970503 73941557
62922307 70305899 92918987 27642034 36954806
55 10
162227448 178074352 83539813 36123913 11659760 49403965 138478684 38692209 102178548 213287380 52630306 6036029 14691799 206887937 3629646 86309458 70101063 10899483 108758262 221611420 162091252 12187679 52198443 12916379 13425248 101951894 81066423 132507026 63446210 104194187 18825601 125968937 157358013 16489797 91173790 27304214 7029751 100844568 4506493 113028260 60655434 133214989 129468630 113472515 100845446 208848534 135856645 101763521 157631395 48152255 18746079 42431726 35502958 51877355 2609344
34870864 18223708 67690643 54331267 95062032 16379409 14860211 382862 59829763 5596639
62 4
38750128 54437456 2605449 114127139 122668732 72771562 51206547 69540653 33395974 9167053 71520642 625460 36626883 74169561 66209958 41355577 50522630 93085657 74751551 24854381 59748140 119437823 80105705 10374503 155482716 130686792 20939555 17708646 84544064 76874796 47975638 51730080 11772502 47291721 30165065 41981037 18392563 101103717 21623472 24170464 149020898 133917701 89854748 11190512 5936144 104334626 107665321 4728694 92562124 7959603 5836358 53753539 62979049 96316566 66309744 89331215 77982460 125899641 35519219 83336614 110896230 152251807
72146102 29583075 41355577 3230909
81 5
44555248 3187952 98372672 12763888 157830533 142798470 37698020 977354 181291574 99038306 76713188 160848588 163241456 30670143 84631430 6687331 126664653 143423657 27795951 81613375 113771315 4179719 55604275 76047261 163866643 90454137 112923411 109905356 56270202 144089584 34679965 22821148 96164114 63707120 16263267 96490247 86289124 93472192 105074416 33688198 145816525 184165766 96346384 69345517 110897123 62971946 64188444 89788503 73029206 140405602 31661910 89462370 55122951 116607100 45547015 134214301 92480425 204608752 130348342 14236979 103203612 36706253 61980179 163722780 122980671 59288257 21420340 41537193 18402285 71556115 21094207 35827216 51113129 181147711 72547882 28122084 24112262 52104896 40246079 39580445 27130317
58792227 20442986 68368163 17424931 82109405
13 2
127631782 24887155 45669455 11405717 152518937 57075172 68480889 139037499 95443765 13481438 209594109 81962327 70556610
57075172 81962327
22 10
193813175 106763584 52043016 265818672 48462261 150646153 101855672 81715149 363336986 90733933 122053703 8030814 73229067 315629955 199373986 24999722 216006016 49965085 13316847 41909297 42930099 212425261
89745963 29353598 97822224 56087202 74524142 86599142 96788126 43740570 24906328 24851700
25 10
85057872 7640677 7528010 124890639 274484282 111616138 239707787 154166273 132836645 74169471 101276528 110187013 72960606 88149882 121580858 85979628 36722934 180260554 17791825 51303744 63020741 100247148 61591616 40371109 7052800
32585415 2191080 81136136 9953488 14580810 15634009 69283888 24198758 20688491 56928751
62 4
74152924 12186519 23285887 141289266 211359404 152635741 20537359 63053556 282798430 15182154 90669336 196458987 160492367 188355254 164575153 110119544 168843207 109625330 238728077 4082786 82503764 247107 73905817 109872437 196211880 50619930 30082571 361034140 54702716 289595114 86339443 12433626 124772854 38186304 274447590 31883834 274694697 65802084 86586550 212728292 164822260 177008779 160739474 4329893 94690283 98773069 172925993 101768704 8350840 203008564 77988603 74400031 134492582 8103733 66049191 78482817 152388634 90422229 152141527 23532994 188108147 48153139
78235710 86586550 86339443 35719513
31 10
129540670 73078600 39993026 21217860 77475667 31104344 151101958 15147768 35891226 184041202 112014683 151849305 198870462 366245715 64219007 83621067 57615257 218272522 121446146 336582515 109917725 77017317 75500417 20590966 174647185 171251365 1815800 346843655 69949377 164639142 74453481
34676810 95102512 29273602 54209746 35551828 32733453 46762682 25901171 70618162 33349996
40 3
92269736 32171655 43383775 107599727 190191674 26669469 16714306 125975722 206905980 55922478 123057076 75555430 116020559 23750823 173477368 90885421 8293474 67134598 149726545 159404334 58841124 15457349 82591947 106342770 48885961 183155157 83848904 25135138 50420292 7036517 139771382 60098081 8420832 72636784 74171115 40465129 142690028 39208172 166440851 99306253
16714306 99306253 23750823
76 4
97561079 141860821 241001786 157143058 77781586 84303717 143885696 254035395 221222293 49241987 43376847 102958826 46993359 27870857 236504530 66772852 159391686 30119485 144109449 130852087 28094610 99809707 82278842 258532651 4942245 256284023 7190873 55764118 171980306 62499349 120489691 45625475 124986947 176922551 69021480 238753158 35984625 87676589 64747977 51490615 218973665 38233253 12588620 41128219 33735997 79361472 126354831 32368113 51266862 25845982 161416561 10339992 14837248 23597354 163665189 80030214 107456082 174673923 122738319 85427961 179171179 53515490 139612193 95312451 146134324 68797727 161640314 60250721 64524224 223470921 86552345 105207454 128603459 148382952 10563745 165913817
92618834 2248628 79361472 17530865
62 5
48482744 9196017 102283312 33204706 67449217 115039322 24949770 78750338 123294258 35775176 63728608 3255243 91457906 53111068 38089338 20753446 149141394 179184854 60938731 99969150 119667646 37405757 88668029 90982191 50796906 50113325 138572296 465366 69763379 56737680 52427487 26788217 2779528 76436176 166477286 75960461 73646299 114990880 157966042 146827232 5569405 54997957 23067608 31464983 127922582 5093690 181499016 86781140 39719919 125608420 63248166 12242202 61414446 93296353 14556364 27263932 142944312 138315988 29578094 63252893 143200620 32728991
2314162 15021730 64193974 88202663 25895578
58 4
86927026 85036081 62964428 66280438 177451206 39773991 5857224 112672563 30580732 121104912 26114662 12529294 9934144 64758618 91654215 19516553 131059081 55565359 148000509 11084204 105313544 28320662 53771169 40534901 35307921 53010259 15811393 48967250 101608384 55216259 57476329 37218891 16921403 56346294 1130035 6618134 10323294 74712787 85796991 84666956 129613991 45262090 46372100 96120285 28025632 25765562 75473697 118549812 46023000 159064688 20257438 39404866 36829741 18366493 66669588 62203518 43817000 72157687
29450697 46392125 56346294 9193259
75 7
51485901 84071789 217452452 99046252 195789778 149446051 11877216 191091847 39886331 176072338 298037204 181520617 94712139 170689280 300331232 181925032 130964309 30881557 138698794 192672289 55982055 160277388 310104239 93193558 1193009 51676888 350101525 127107040 95671359 177946921 275551069 243156168 149125716 20050220 174829432 167535029 6101394 249847353 124345553 62828560 442432977 12344681 265642303 19602322 31201892 296794298 177652780 43276135 95223461 108213067 392983019 32308242 30014214 317361880 91950652 122765111 264399397 62637573 78357828 22948269 207224333 360588118 232004496 161236608 127463042 9710757 63276458 359554197 232324831 253568060 52864566 332726133 12792579 145552020 71001564
68326736 32394901 89569965 43226238 71088223 90163804 74550456
21 6
61963400 64738120 143199057 203683010 122447353 162414564 77562826 189482692 23709008 140403646 35733735 168848469 211493610 16140722 428437772 232127833 183048787 161037869 44460712 134451389 113817166
20634223 97676444 15620117 12824706 78272184 81235657
82 6
8258426 135315845 42289040 131277225 16518367 90964172 77260470 42858371 136067877 38067719 13618409 102606594 56562073 87012198 2245334 127055904 46228737 97815942 175260628 107397246 230416045 42007416 86841774 86272443 186432642 80729759 3566697 46980769 85520411 12297046 37216764 2715742 48020508 2814665 87863153 175829959 140858529 91802850 45758329 46798068 57032481 37498388 47550100 4136028 180889958 185111279 52811160 176099306 96593502 41438085 61823133 186903050 57601812 131846556 7788018 140759606 41537008 181641990 180620611 52241829 47079692 6766639 33277067 191693702 81481791 130525193 141898268 17839730 280211479 111618567 31955704 42759448 8827757 36746356 51771421 137107616 91332442 136637208 97345534 132316964 182112398 88333561
93778837 84296456 49795434 4790652 4221321 47550100
41 9
42690366 369372 115007378 82975531 176559103 185310425 148851456 64165859 209138023 63532004 288557501 52371160 299009653 143535572 68660620 90241002 167896290 132561996 66227903 11537057 198685871 72540669 17400592 10050166 58979826 14671521 47818982 28046967 159471715 67039388 26339626 117918597 15373702 114960139 72471038 79821464 104543151 68669557 85127126 119928300 78836145
16289460 69029992 54386593 57132500 4968161 21604059 5483991 11803636 46783141
34 6
41909577 30596487 39817281 730501 34149236 48753274 68194232 29107452 128888665 117678007 155275752 79609754 117575575 148432055 148534487 45069511 7471766 83293517 63750127 11053097 224098053 22468619 135629930 155173320 98032185 20273891 61452967 137118965 61555399 79507322 29209884 44206737 185011273 42012009
68924733 90662851 19543390 86979088 79845008 35555876
79 10
202969618 239478161 242871186 262337563 160687186 141137208 241361115 522033 80410497 25058932 254437098 87893628 241096138 160069779 200236324 230767216 36337048 341130858 141326395 385315979 61016582 241253209 186673768 291674846 290997287 93167727 339276650 54124506 44281334 142899728 250392984 40453506 59030841 138596294 383698002 36954455 42453927 196213577 336732652 311731370 139708418 26676909 314357736 318623446 211521172 161364745 250260488 57412864 137133902 262511589 256055075 35659489 33621344 136007652 142252416 335943539 177310911 75235726 256542976 132901903 238448405 12466612 417126969 188291745 64122331 229357257 117333502 31920999 279730267 297662268 244660869 296659378 285004366 121788508 159069209 230926607 243722504 208094465 197538448
11944579 1617977 5274099 81183430 72576220 57901540 58909929 91352961 39506814 98512117
18 5
284408863 149246045 38513921 55556608 71786446 109448069 38916487 76175544 68355780 87124537 134310520 90555203 196432028 93218231 27440819 137741186 59945706 22284083
54704310 58134976 33272525 95796599 62121508
0 0
