24238331
11759937
40332851
76065818
34949289
37116462
95166330
-1
34514490
0
74799033
4187496
16588709
13150356
0
5242990
30313553
42588952
29570029
10150109
90526334
54725047
49785899
49495339
50679657
44874088
-1
27052250
3955944
59373333
88226970
33042
0
42481671
56707200
15983026
91505652
82648125
80686989
11583953
45834932
96028848
15298445
262273064
20741166
20399813
977793
46667115
31336709
69411289
40599155
61922595
31953856
23199254
0
-1
50967509
14701091
63707072
66120140
98152149
-1
97054654
26374834
48185887
86598358
93508911
28674405
40836810
94062423
10062887
0
89492790
9372131
20532400
-1
253083895
0
0
-1
28616604
40173512
0
57709664
54235971
43260038
17922943
43672871
37554736
56825557
-1
85463641
45786664
70598285
56579528
15405690
0
90352639
99079076
0
