21792
5278
10411
25516
5473
14326
7965
6891
3234
9345
7545
2033
13669
16431
7736
4261
4110
10196
323
13149
6366
21033
7406
5634
3673
4234
9322
733
27323
24763
8035
24114
5632
4351
3284
13816
19689
14011
15875
11604
14387
5124
3364
9131
15712
6393
10119
2547
211
8610
8941
4171
910
5439
19870
3528
18401
8869
10104
16432
9041
17358
15351
1658
5276
3674
12668
6087
9783
20617
8546
419
199
21122
8131
16500
16887
4724
5168
17454
5232
14787
4162
9661
10279
9980
10332
11538
10591
7517
10531
11968
9067
1000
1000
378
533
99000
99000
99000
