3393
11780
5762
20651
9907
15911
4600
12253
7448
6014
9389
19497
10658
4696
668
16938
8340
1472
3113
12239
3180
14496
1386
8714
7513
2516
9787
10971
7278
1495
17267
11525
999
7851
18087
7720
6592
10331
9390
12554
12001
6284
16510
10070
9693
10723
10892
8769
6651
20809
22508
16217
6692
619
9274
3718
2153
6220
18015
16329
19187
6209
11410
12517
22216
10223
17005
4701
18818
3198
5150
18110
3718
19265
7844
9510
9010
16757
13161
8498
13618
7827
5521
5186
1017
12283
6789
9408
5307
3090
3282
1807
12505
1000
1000
405
292
99000
99000
99000
