27304321
79066969
-1
0
3736134
61183264
6170299
18289588
-1
9918059
53567
58779308
75404899
96516920
20092404
71870136
40232883
74504205
13527882
26954291
-1
1282249
41539552
31674838
0
58726285
42050362
21459857
89368218
74078821
87623502
21141662
24959181
-1
90681179
58468289
-1
-1
35939705
49819396
15764798
63990200
3797715
9548955
42779698
42279895
3440926
0
35560662
4344302
18629788
48333064
19085169
85388264
45618688
90850645
25036639
43260980
33463502
-1
0
61628639
24144893
-1
0
57611651
20486
35866212
11019063
91422068
0
11793208
29145373
46915007
0
65831047
31858412
37421308
34161636
81804233
11593838
15831229
9167053
33688198
70556610
81981500
86603877
74152924
9701030
67134598
66772852
11766487
36068831
41439390
-1
0
44935815
2277123
0
38513921
