10
338
7
8
3
5
7
7
1
1
5
6
5
4
323
5
7
8
4
9
5
5
6
9
7
69
5
10
32
10
8
10
4
10
1
9
5
1
21
5
3
7
2
292
15
1
8
6
5
7
9
2
4
6
9
4
10
6
5
5
6
8
18
6
1
6
6
9
117
7
6
228
2
7
6
5
7
7
8
3
5
9
2
10
5
6
4
6
44
10
8
7
6
8
6
8
7
6
6
11
9
7
5
345
12
5
11
4
8
4
5
6
6
5
10
9
6
10
1
6
3
35
7
92
16
5
8
9
4
5034
1
4
7
8
7
6
4
7
10000
4
6
9
5
4
7
8
4
7
6
7
6
10
8
5
5
8
6
11
5
12
4
9
2
6
4
7
14
4
1
3
5
10
17
6
4
1
432
7
4
4
2
9
7
8
7
365
5
9
7
7
6
5
5
4
7
4
7
2
6
5
9
340
8
6
6
4
4
3
5
2
5
6
5
6
1
6
6
6
4
6
5
8
1
3
5
8
7
6
491
4
5
7
6
4
3
6
3
388
6
8
4
6
3
18
5
3
5
271
10
35
5
24
8
8
8
2
39
41
6
5
